Timestamp: 2025-08-29 11:32:55.758938,,,
T_ob_in_cf,,,
-0.9999762037449843,-0.004307094376670159,0.005388959250230566,0.26885947585105896
0.006510454345624914,-0.33082812798689093,0.943668566667823,0.0743064358830452
-0.0022816502763839505,0.9436811954631291,0.3308482966576925,0.46800002455711365
0.0,0.0,0.0,1.0
"Euler_ZYX (deg): Yaw=179.63, Pitch=0.13, Roll=70.68",,,
,,,
T_cf_in_arm,,,
1.0000000000000002,-0.0,0.0,0.0
0.0,0.0,1.0000000000000002,0.249
-0.0,-1.0000000000000002,0.0,0.544
0.0,0.0,0.0,1.0
"Euler_ZYX (deg): Yaw=0.00, Pitch=0.00, Roll=-90.00",,,
,,,
T_ob_in_world_node,,,
-0.9998637229004553,0.012163063984686848,0.011162235535324907,0.2603318990187411
0.01517068264301874,0.9436126374774737,0.3307038566163857,1.2121985787435388
-0.006510454345624911,0.33082812798689076,-0.9436685666678227,0.5286935641169547
0.0,0.0,0.0,1.0
"Euler_ZYX (deg): Yaw=179.13, Pitch=0.37, Roll=160.68",,,
,,,
T_arm_in_world,,,
0.9998476952562737,0.017452400715020123,0.0,-0.021
-0.017452400715020123,0.9998476952562737,-0.0,0.5
-0.0,0.0,1.0,0.059
0.0,0.0,0.0,1.0
"Euler_ZYX (deg): Yaw=-1.00, Pitch=0.00, Roll=0.00",,,
,,,
T_ob_in_world,,,
-0.9998637229004558,0.012163063984686848,0.011162235535324912,0.26033189901874115
0.015170682643018742,0.943612637477474,0.3307038566163859,1.2121985787435388
-0.0065104543456249156,0.330828127986891,-0.9436685666678232,0.5286935641169548
0.0,0.0,0.0,1.0
"Euler_ZYX (deg): Yaw=179.13, Pitch=0.37, Roll=160.68",,,
,,,
Timestamp: 2025-08-29 11:32:55.884906,,,
T_ob_in_cf,,,
-0.9999752811048122,-0.004388357185695618,0.005493587221726254,0.2687838673591614
0.0066505926205452474,-0.3367700907591391,0.9415634209058233,0.07431008666753769
-0.0022818407366662187,0.9415766821089463,0.33679095135047876,0.46800002455711365
0.0,0.0,0.0,1.0
"Euler_ZYX (deg): Yaw=179.62, Pitch=0.13, Roll=70.32",,,
,,,
T_cf_in_arm,,,
1.0000000000000002,-0.0,0.0,0.0
0.0,0.0,1.0000000000000002,0.249
-0.0,-1.0000000000000002,0.0,0.544
0.0,0.0,0.0,1.0
"Euler_ZYX (deg): Yaw=0.00, Pitch=0.00, Roll=-90.00",,,
,,,
T_ob_in_world_node,,,
-0.9998628037247951,0.012045084742005385,0.01137056116249371,0.26025630204237554
0.015170476109458476,0.9415098628817647,0.33664378020538727,1.212199898293237
-0.0066505926205452474,0.33677009075913894,-0.9415634209058236,0.5286899133324622
0.0,0.0,0.0,1.0
"Euler_ZYX (deg): Yaw=179.13, Pitch=0.38, Roll=160.32",,,
,,,
T_arm_in_world,,,
0.9998476952562737,0.017452400715020123,0.0,-0.021
-0.017452400715020123,0.9998476952562737,-0.0,0.5
-0.0,0.0,1.0,0.059
0.0,0.0,0.0,1.0
"Euler_ZYX (deg): Yaw=-1.00, Pitch=0.00, Roll=0.00",,,
,,,
T_ob_in_world,,,
-0.9998628037247953,0.012045084742005382,0.011370561162493716,0.2602563020423756
0.015170476109458477,0.9415098628817646,0.3366437802053876,1.212199898293237
-0.006650592620545249,0.33677009075913916,-0.9415634209058236,0.5286899133324623
0.0,0.0,0.0,1.0
"Euler_ZYX (deg): Yaw=179.13, Pitch=0.38, Roll=160.32",,,
,,,
Timestamp: 2025-08-29 11:32:56.088393,,,
T_ob_in_cf,,,
-0.9653902695072509,-0.22987865421402937,-0.12319672023826218,0.2687738239765167
-0.03533846721099304,-0.3527137926346831,0.93506372682317,0.07429555803537369
-0.2584043735618565,0.907055006502916,0.33238290404607157,0.46800002455711365
0.0,0.0,0.0,1.0
"Euler_ZYX (deg): Yaw=-177.90, Pitch=14.98, Roll=69.88",,,
,,,
T_cf_in_arm,,,
1.0000000000000002,-0.0,0.0,0.0
0.0,0.0,1.0000000000000002,0.249
-0.0,-1.0000000000000002,0.0,0.544
0.0,0.0,0.0,1.0
"Euler_ZYX (deg): Yaw=0.00, Pitch=0.00, Roll=-90.00",,,
,,,
T_ob_in_world_node,,,
-0.9697530126635728,-0.214013355160457,-0.11737707716112422,0.2602462601893857
-0.24151663952014152,0.9109287921117776,0.334482359081426,1.2122000735743754
0.035338467210993076,0.35271379263468283,-0.93506372682317,0.5287044419646262
0.0,0.0,0.0,1.0
"Euler_ZYX (deg): Yaw=-166.02, Pitch=-2.03, Roll=159.33",,,
,,,
T_arm_in_world,,,
0.9998476952562737,0.017452400715020123,0.0,-0.021
-0.017452400715020123,0.9998476952562737,-0.0,0.5
-0.0,0.0,1.0,0.059
0.0,0.0,0.0,1.0
"Euler_ZYX (deg): Yaw=-1.00, Pitch=0.00, Roll=0.00",,,
,,,
T_ob_in_world,,,
-0.9697530126635733,-0.21401335516045714,-0.11737707716112428,0.26024626018938574
-0.24151663952014166,0.9109287921117779,0.3344823590814263,1.2122000735743754
0.03533846721099305,0.35271379263468317,-0.9350637268231702,0.5287044419646263
0.0,0.0,0.0,1.0
"Euler_ZYX (deg): Yaw=-166.02, Pitch=-2.03, Roll=159.33",,,
,,,
Timestamp: 2025-08-29 11:32:56.279552,,,
T_ob_in_cf,,,
-0.9999760334225456,-0.004319020959610634,0.005410973892259513,0.26886969804763794
0.006536623973288773,-0.331426729877659,0.9434583166571978,0.07430218905210495
-0.0022814748615964456,0.9434710746920395,0.33144701852921254,0.46800002455711365
0.0,0.0,0.0,1.0
"Euler_ZYX (deg): Yaw=179.63, Pitch=0.13, Roll=70.64",,,
,,,
T_cf_in_arm,,,
1.0000000000000002,-0.0,0.0,0.0
0.0,0.0,1.0000000000000002,0.249
-0.0,-1.0000000000000002,0.0,0.544
0.0,0.0,0.0,1.0
"Euler_ZYX (deg): Yaw=0.00, Pitch=0.00, Roll=-90.00",,,
,,,
T_ob_in_world_node,,,
-0.9998635495425487,0.012147472106325927,0.011194695958438057,0.26034211965843107
0.01517085505855429,0.9434027568562793,0.3313021030913703,1.212198400341668
-0.006536623973288773,0.33142672987765887,-0.9434583166571981,0.5286978109478949
0.0,0.0,0.0,1.0
"Euler_ZYX (deg): Yaw=179.13, Pitch=0.37, Roll=160.64",,,
,,,
T_arm_in_world,,,
0.9998476952562737,0.017452400715020123,0.0,-0.021
-0.017452400715020123,0.9998476952562737,-0.0,0.5
-0.0,0.0,1.0,0.059
0.0,0.0,0.0,1.0
"Euler_ZYX (deg): Yaw=-1.00, Pitch=0.00, Roll=0.00",,,
,,,
T_ob_in_world,,,
-0.9998635495425489,0.012147472106325923,0.011194695958438063,0.2603421196584311
0.015170855058554292,0.9434027568562793,0.3313021030913705,1.212198400341668
-0.006536623973288774,0.33142672987765903,-0.943458316657198,0.528697810947895
0.0,0.0,0.0,1.0
"Euler_ZYX (deg): Yaw=179.13, Pitch=0.37, Roll=160.64",,,
,,,
Timestamp: 2025-08-29 11:32:56.454437,,,
T_ob_in_cf,,,
-0.9999765536042722,-0.004293996304548131,0.005334213855734195,0.26880502700805664
0.006456368206733985,-0.33161697336494583,0.9433920172896589,0.07431194186210632
-0.00228200598186207,0.9434043377958411,0.3316369217633787,0.46800002455711365
0.0,0.0,0.0,1.0
"Euler_ZYX (deg): Yaw=179.63, Pitch=0.13, Roll=70.63",,,
,,,
T_cf_in_arm,,,
1.0000000000000002,-0.0,0.0,0.0
0.0,0.0,1.0000000000000002,0.249
-0.0,-1.0000000000000002,0.0,0.544
0.0,0.0,0.0,1.0
"Euler_ZYX (deg): Yaw=0.00, Pitch=0.00, Roll=-90.00",,,
,,,
T_ob_in_world_node,,,
-0.9998640789143729,0.012171328230959821,0.011121261880170177,0.2602774584685559
0.01517033309760074,0.943335593384119,0.33149331704928936,1.2121995290065655
-0.006456368206733985,0.3316169733649456,-0.943392017289659,0.5286880581378935
0.0,0.0,0.0,1.0
"Euler_ZYX (deg): Yaw=179.13, Pitch=0.37, Roll=160.63",,,
,,,
T_arm_in_world,,,
0.9998476952562737,0.017452400715020123,0.0,-0.021
-0.017452400715020123,0.9998476952562737,-0.0,0.5
-0.0,0.0,1.0,0.059
0.0,0.0,0.0,1.0
"Euler_ZYX (deg): Yaw=-1.00, Pitch=0.00, Roll=0.00",,,
,,,
T_ob_in_world,,,
-0.9998640789143729,0.01217132823095982,0.011121261880170182,0.26027745846855593
0.01517033309760074,0.9433355933841188,0.3314933170492896,1.2121995290065655
-0.006456368206733986,0.3316169733649459,-0.9433920172896592,0.5286880581378937
0.0,0.0,0.0,1.0
"Euler_ZYX (deg): Yaw=179.13, Pitch=0.37, Roll=160.63",,,
,,,
Timestamp: 2025-08-29 11:32:56.633837,,,
T_ob_in_cf,,,
-0.9999767774842607,-0.004281874775851589,0.0053018902853321104,0.26879963278770447
0.006421719477571464,-0.3315614686648769,0.9434117627079608,0.07431023567914963
-0.002281668500276143,0.9434239015655657,0.3315812659721009,0.46800002455711365
0.0,0.0,0.0,1.0
"Euler_ZYX (deg): Yaw=179.63, Pitch=0.13, Roll=70.64",,,
,,,
T_cf_in_arm,,,
1.0000000000000002,-0.0,0.0,0.0
0.0,0.0,1.0000000000000002,0.249
-0.0,-1.0000000000000002,0.0,0.544
0.0,0.0,0.0,1.0
"Euler_ZYX (deg): Yaw=0.00, Pitch=0.00, Roll=-90.00",,,
,,,
T_ob_in_world_node,,,
-0.9998642968703992,0.012183789348238766,0.011087971905629702,0.2602720650697691
0.015170674435029884,0.9433549426244121,0.33143823385855564,1.2121996231486605
-0.006421719477571461,0.3315614686648767,-0.9434117627079608,0.5286897643208502
0.0,0.0,0.0,1.0
"Euler_ZYX (deg): Yaw=179.13, Pitch=0.37, Roll=160.64",,,
,,,
T_arm_in_world,,,
0.9998476952562737,0.017452400715020123,0.0,-0.021
-0.017452400715020123,0.9998476952562737,-0.0,0.5
-0.0,0.0,1.0,0.059
0.0,0.0,0.0,1.0
"Euler_ZYX (deg): Yaw=-1.00, Pitch=0.00, Roll=0.00",,,
,,,
T_ob_in_world,,,
-0.9998642968703997,0.012183789348238772,0.011087971905629712,0.26027206506976913
0.015170674435029893,0.9433549426244124,0.331438233858556,1.2121996231486607
-0.006421719477571466,0.33156146866487696,-0.943411762707961,0.5286897643208504
0.0,0.0,0.0,1.0
"Euler_ZYX (deg): Yaw=179.13, Pitch=0.37, Roll=160.64",,,
,,,
Timestamp: 2025-08-29 11:32:56.899358,,,
T_ob_in_cf,,,
-0.9647067896281184,-0.23191757515749503,-0.1247198796442516,0.26878872513771057
-0.03583591210972345,-0.35359899423056146,0.9347104036451073,0.07430808991193771
-0.2608765942906207,0.906190923377741,0.33280837269985236,0.46800002455711365
0.0,0.0,0.0,1.0
"Euler_ZYX (deg): Yaw=-177.87, Pitch=15.12, Roll=69.83",,,
,,,
T_cf_in_arm,,,
1.0000000000000002,-0.0,0.0,0.0
0.0,0.0,1.0000000000000002,0.249
-0.0,-1.0000000000000002,0.0,0.544
0.0,0.0,0.0,1.0
"Euler_ZYX (deg): Yaw=0.00, Pitch=0.00, Roll=-90.00",,,
,,,
T_ob_in_world_node,,,
-0.9691127830684831,-0.2160670458915427,-0.11889257913327325,0.260261159081062
-0.24400041208269263,0.9101004246558937,0.3349343457226189,1.2121998135133392
0.0358359121097235,0.35359899423056146,-0.9347104036451077,0.5286919100880622
0.0,0.0,0.0,1.0
"Euler_ZYX (deg): Yaw=-165.87, Pitch=-2.05, Roll=159.28",,,
,,,
T_arm_in_world,,,
0.9998476952562737,0.017452400715020123,0.0,-0.021
-0.017452400715020123,0.9998476952562737,-0.0,0.5
-0.0,0.0,1.0,0.059
0.0,0.0,0.0,1.0
"Euler_ZYX (deg): Yaw=-1.00, Pitch=0.00, Roll=0.00",,,
,,,
T_ob_in_world,,,
-0.9691127830684829,-0.2160670458915427,-0.11889257913327325,0.26026115908106207
-0.24400041208269257,0.9101004246558934,0.33493434572261893,1.2121998135133392
0.03583591210972346,0.3535989942305615,-0.9347104036451075,0.5286919100880623
0.0,0.0,0.0,1.0
"Euler_ZYX (deg): Yaw=-165.87, Pitch=-2.05, Roll=159.28",,,
,,,
Timestamp: 2025-08-29 11:32:57.081150,,,
T_ob_in_cf,,,
-0.9999703094211523,-0.006370854106474383,0.004335031040124401,0.2687845230102539
0.006206018095388303,-0.3323413086662081,0.9431387702207092,0.07431530207395554
-0.004567889618252228,0.9431376711657669,0.3323709788962466,0.46800002455711365
0.0,0.0,0.0,1.0
"Euler_ZYX (deg): Yaw=179.64, Pitch=0.26, Roll=70.59",,,
,,,
T_cf_in_arm,,,
1.0000000000000002,-0.0,0.0,0.0
0.0,0.0,1.0000000000000002,0.249
-0.0,-1.0000000000000002,0.0,0.544
0.0,0.0,0.0,1.0
"Euler_ZYX (deg): Yaw=0.00, Pitch=0.00, Roll=-90.00",,,
,,,
T_ob_in_world_node,,,
-0.9998977298394819,0.010090132771443466,0.010135042304073581,0.2602569575936093
0.012884688636146061,0.9431052135232246,0.3322447005206593,1.2121998868505512
-0.006206018095388304,0.33234130866620787,-0.9431387702207096,0.5286846979260443
0.0,0.0,0.0,1.0
"Euler_ZYX (deg): Yaw=179.26, Pitch=0.36, Roll=160.59",,,
,,,
T_arm_in_world,,,
0.9998476952562737,0.017452400715020123,0.0,-0.021
-0.017452400715020123,0.9998476952562737,-0.0,0.5
-0.0,0.0,1.0,0.059
0.0,0.0,0.0,1.0
"Euler_ZYX (deg): Yaw=-1.00, Pitch=0.00, Roll=0.00",,,
,,,
T_ob_in_world,,,
-0.9998977298394819,0.010090132771443466,0.010135042304073584,0.26025695759360934
0.012884688636146063,0.9431052135232246,0.3322447005206595,1.2121998868505512
-0.006206018095388305,0.33234130866620815,-0.9431387702207095,0.5286846979260444
0.0,0.0,0.0,1.0
"Euler_ZYX (deg): Yaw=179.26, Pitch=0.36, Roll=160.59",,,
,,,
Timestamp: 2025-08-29 11:32:57.248277,,,
T_ob_in_cf,,,
-0.9999762292649036,-0.004314213099996324,0.005378519356911398,0.26888400316238403
0.006506547795257501,-0.3323093390404122,0.9431480096052328,0.07431121915578842
-0.0022816092857630642,0.9431605858770032,0.3323295104368779,0.46800002455711365
0.0,0.0,0.0,1.0
"Euler_ZYX (deg): Yaw=179.63, Pitch=0.13, Roll=70.59",,,
,,,
T_cf_in_arm,,,
1.0000000000000002,-0.0,0.0,0.0
0.0,0.0,1.0000000000000002,0.249
-0.0,-1.0000000000000002,0.0,0.544
0.0,0.0,0.0,1.0
"Euler_ZYX (deg): Yaw=0.00, Pitch=0.00, Roll=-90.00",,,
,,,
T_ob_in_world_node,,,
-0.9998637477011035,0.012146860458462872,0.011177647968469972,0.2603564225944403
0.015170724072780426,0.9430922314214699,0.33218502700088776,1.2121981506830732
-0.006506547795257498,0.3323093390404122,-0.943148009605233,0.5286887808442114
0.0,0.0,0.0,1.0
"Euler_ZYX (deg): Yaw=179.13, Pitch=0.37, Roll=160.59",,,
,,,
T_arm_in_world,,,
0.9998476952562737,0.017452400715020123,0.0,-0.021
-0.017452400715020123,0.9998476952562737,-0.0,0.5
-0.0,0.0,1.0,0.059
0.0,0.0,0.0,1.0
"Euler_ZYX (deg): Yaw=-1.00, Pitch=0.00, Roll=0.00",,,
,,,
T_ob_in_world,,,
-0.9998637477011035,0.012146860458462866,0.011177647968469973,0.26035642259444036
0.01517072407278042,0.9430922314214699,0.33218502700088787,1.2121981506830732
-0.006506547795257503,0.33230933904041227,-0.943148009605233,0.5286887808442116
0.0,0.0,0.0,1.0
"Euler_ZYX (deg): Yaw=179.13, Pitch=0.37, Roll=160.59",,,
,,,
Timestamp: 2025-08-29 11:32:57.407095,,,
T_ob_in_cf,,,
-0.9999759099553064,-0.004349361725853413,0.005409488112119854,0.2688051462173462
0.006555278032067239,-0.3355319233603223,0.9420060279722448,0.07431044429540634
-0.0022820690129313065,0.9420187957035152,0.33555235165666736,0.46800002455711365
0.0,0.0,0.0,1.0
"Euler_ZYX (deg): Yaw=179.62, Pitch=0.13, Roll=70.39",,,
,,,
T_cf_in_arm,,,
1.0000000000000002,-0.0,0.0,0.0
0.0,0.0,1.0000000000000002,0.249
-0.0,-1.0000000000000002,0.0,0.544
0.0,0.0,0.0,1.0
"Euler_ZYX (deg): Yaw=0.00, Pitch=0.00, Roll=-90.00",,,
,,,
T_ob_in_world_node,,,
-0.9998634364634811,0.012091790206268039,0.011264858323398744,0.2602775776596893
0.015170258842911757,0.9419512285759442,0.33540683688754547,1.212199526926077
-0.006555278032067233,0.3355319233603221,-0.9420060279722446,0.5286895557045935
0.0,0.0,0.0,1.0
"Euler_ZYX (deg): Yaw=179.13, Pitch=0.38, Roll=160.39",,,
,,,
T_arm_in_world,,,
0.9998476952562737,0.017452400715020123,0.0,-0.021
-0.017452400715020123,0.9998476952562737,-0.0,0.5
-0.0,0.0,1.0,0.059
0.0,0.0,0.0,1.0
"Euler_ZYX (deg): Yaw=-1.00, Pitch=0.00, Roll=0.00",,,
,,,
T_ob_in_world,,,
-0.9998634364634814,0.01209179020626804,0.011264858323398755,0.26027757765968934
0.015170258842911764,0.9419512285759446,0.33540683688754575,1.212199526926077
-0.006555278032067241,0.33553192336032234,-0.942006027972245,0.5286895557045936
0.0,0.0,0.0,1.0
"Euler_ZYX (deg): Yaw=179.13, Pitch=0.38, Roll=160.39",,,
,,,
Timestamp: 2025-08-29 11:32:57.527521,,,
T_ob_in_cf,,,
-0.9999764043400491,-0.004296762737873449,0.00535990607386581,0.2688392102718353
0.006479585232971303,-0.3308142096410315,0.9436736584618582,0.07430439442396164
-0.002281608720815546,0.943686121827355,0.3308342451018198,0.46800002455711365
0.0,0.0,0.0,1.0
"Euler_ZYX (deg): Yaw=179.63, Pitch=0.13, Roll=70.68",,,
,,,
T_cf_in_arm,,,
1.0000000000000002,-0.0,0.0,0.0
0.0,0.0,1.0000000000000002,0.249
-0.0,-1.0000000000000002,0.0,0.544
0.0,0.0,0.0,1.0
"Euler_ZYX (deg): Yaw=0.00, Pitch=0.00, Roll=-90.00",,,
,,,
T_ob_in_world_node,,,
-0.9998639227397247,0.012173480026808504,0.011132941550512976,0.2603116365260613
0.015170727693123491,0.9436173827794913,0.33069031424830747,1.2121989324265483
-0.006479585232971306,0.3308142096410312,-0.9436736584618587,0.5286956055760382
0.0,0.0,0.0,1.0
"Euler_ZYX (deg): Yaw=179.13, Pitch=0.37, Roll=160.68",,,
,,,
T_arm_in_world,,,
0.9998476952562737,0.017452400715020123,0.0,-0.021
-0.017452400715020123,0.9998476952562737,-0.0,0.5
-0.0,0.0,1.0,0.059
0.0,0.0,0.0,1.0
"Euler_ZYX (deg): Yaw=-1.00, Pitch=0.00, Roll=0.00",,,
,,,
T_ob_in_world,,,
-0.9998639227397246,0.012173480026808495,0.01113294155051298,0.2603116365260614
0.015170727693123488,0.9436173827794909,0.3306903142483078,1.2121989324265483
-0.006479585232971305,0.33081420964103153,-0.9436736584618585,0.5286956055760383
0.0,0.0,0.0,1.0
"Euler_ZYX (deg): Yaw=179.13, Pitch=0.37, Roll=160.68",,,
,,,
Timestamp: 2025-08-29 11:32:57.687984,,,
T_ob_in_cf,,,
-0.9647052679348092,-0.23170688448632085,-0.12512260267621822,0.2687428295612335
-0.03587072677162148,-0.3550936154254903,0.9341422885433084,0.0743207260966301
-0.2608774367010372,0.905660225451961,0.3342491870664753,0.46800002455711365
0.0,0.0,0.0,1.0
"Euler_ZYX (deg): Yaw=-177.87, Pitch=15.12, Roll=69.74",,,
,,,
T_cf_in_arm,,,
1.0000000000000002,-0.0,0.0,0.0
0.0,0.0,1.0000000000000002,0.249
-0.0,-1.0000000000000002,0.0,0.544
0.0,0.0,0.0,1.0
"Euler_ZYX (deg): Yaw=0.00, Pitch=0.00, Roll=-90.00",,,
,,,
T_ob_in_world_node,,,
-0.9691112763090189,-0.21586564926241647,-0.11927009515892939,0.26021527049469895
-0.24400128092200735,0.9095661304999049,0.3363819691301098,1.2122006145013309
0.03587072677162156,0.35509361542549017,-0.9341422885433087,0.5286792739033698
0.0,0.0,0.0,1.0
"Euler_ZYX (deg): Yaw=-165.87, Pitch=-2.06, Roll=159.19",,,
,,,
T_arm_in_world,,,
0.9998476952562737,0.017452400715020123,0.0,-0.021
-0.017452400715020123,0.9998476952562737,-0.0,0.5
-0.0,0.0,1.0,0.059
0.0,0.0,0.0,1.0
"Euler_ZYX (deg): Yaw=-1.00, Pitch=0.00, Roll=0.00",,,
,,,
T_ob_in_world,,,
-0.9691112763090189,-0.2158656492624165,-0.11927009515892943,0.260215270494699
-0.24400128092200737,0.9095661304999049,0.3363819691301101,1.2122006145013309
0.03587072677162149,0.35509361542549034,-0.9341422885433086,0.5286792739033699
0.0,0.0,0.0,1.0
"Euler_ZYX (deg): Yaw=-165.87, Pitch=-2.06, Roll=159.19",,,
,,,
Timestamp: 2025-08-29 11:32:57.826076,,,
T_ob_in_cf,,,
-0.9999760857650045,-0.00433245835852378,0.00539051970336615,0.2687779366970062
0.006528347757953351,-0.3341295231614611,0.9425045583059247,0.07429976016283035
-0.0022822299735010742,0.9425172102176526,0.33414981650433645,0.46800002455711365
0.0,0.0,0.0,1.0
"Euler_ZYX (deg): Yaw=179.63, Pitch=0.13, Roll=70.48",,,
,,,
T_cf_in_arm,,,
1.0000000000000002,-0.0,0.0,0.0
0.0,0.0,1.0000000000000002,0.249
-0.0,-1.0000000000000002,0.0,0.544
0.0,0.0,0.0,1.0
"Euler_ZYX (deg): Yaw=0.00, Pitch=0.00, Roll=-90.00",,,
,,,
T_ob_in_world_node,,,
-0.9998636150555508,0.012117389528957554,0.011221415198128297,0.26025037228348835
0.015170100975158352,0.9424492721748469,0.33400484639224204,1.2122000017975294
-0.006528347757953346,0.33412952316146083,-0.9425045583059247,0.5287002398371695
0.0,0.0,0.0,1.0
"Euler_ZYX (deg): Yaw=179.13, Pitch=0.37, Roll=160.48",,,
,,,
T_arm_in_world,,,
0.9998476952562737,0.017452400715020123,0.0,-0.021
-0.017452400715020123,0.9998476952562737,-0.0,0.5
-0.0,0.0,1.0,0.059
0.0,0.0,0.0,1.0
"Euler_ZYX (deg): Yaw=-1.00, Pitch=0.00, Roll=0.00",,,
,,,
T_ob_in_world,,,
-0.9998636150555512,0.012117389528957554,0.011221415198128304,0.2602503722834884
0.015170100975158356,0.9424492721748471,0.3340048463922423,1.2122000017975294
-0.006528347757953352,0.33412952316146116,-0.9425045583059249,0.5287002398371696
0.0,0.0,0.0,1.0
"Euler_ZYX (deg): Yaw=179.13, Pitch=0.37, Roll=160.48",,,
,,,
Timestamp: 2025-08-29 11:32:57.994755,,,
T_ob_in_cf,,,
-0.964710200005551,-0.23172866573963766,-0.12504421409956262,0.2687915861606598
-0.03579911026919011,-0.35505170193983365,0.9341609672072378,0.0743052288889885
-0.26086903555076124,0.9056710851209478,0.33422631833334254,0.46800002455711365
0.0,0.0,0.0,1.0
"Euler_ZYX (deg): Yaw=-177.87, Pitch=15.12, Roll=69.74",,,
,,,
T_cf_in_arm,,,
1.0000000000000002,-0.0,0.0,0.0
0.0,0.0,1.0000000000000002,0.249
-0.0,-1.0000000000000002,0.0,0.544
0.0,0.0,0.0,1.0
"Euler_ZYX (deg): Yaw=0.00, Pitch=0.00, Roll=-90.00",,,
,,,
T_ob_in_world_node,,,
-0.9691160610083416,-0.21588723767105017,-0.11919211763552032,0.26026401966826385
-0.24399279497479137,0.9095773686500732,0.33635773581114237,1.2121997635816202
0.035799110269190144,0.3550517019398335,-0.9341609672072377,0.5286947711110114
0.0,0.0,0.0,1.0
"Euler_ZYX (deg): Yaw=-165.87, Pitch=-2.05, Roll=159.19",,,
,,,
T_arm_in_world,,,
0.9998476952562737,0.017452400715020123,0.0,-0.021
-0.017452400715020123,0.9998476952562737,-0.0,0.5
-0.0,0.0,1.0,0.059
0.0,0.0,0.0,1.0
"Euler_ZYX (deg): Yaw=-1.00, Pitch=0.00, Roll=0.00",,,
,,,
T_ob_in_world,,,
-0.9691160610083419,-0.2158872376710503,-0.11919211763552039,0.2602640196682639
-0.2439927949747915,0.9095773686500734,0.33635773581114264,1.2121997635816202
0.03579911026919012,0.3550517019398337,-0.9341609672072381,0.5286947711110115
0.0,0.0,0.0,1.0
"Euler_ZYX (deg): Yaw=-165.87, Pitch=-2.05, Roll=159.19",,,
,,,
Timestamp: 2025-08-29 11:32:58.131067,,,
T_ob_in_cf,,,
-0.9999758493992176,-0.004351924917444559,0.005418613090686915,0.26882487535476685
0.006564606353606023,-0.33547917205617206,0.9420247507682205,0.0743086189031601
-0.0022817891523613373,0.9420375713664602,0.3354996387065803,0.46800002455711365
0.0,0.0,0.0,1.0
"Euler_ZYX (deg): Yaw=179.62, Pitch=0.13, Roll=70.40",,,
,,,
T_cf_in_arm,,,
1.0000000000000002,-0.0,0.0,0.0
0.0,0.0,1.0000000000000002,0.249
-0.0,-1.0000000000000002,0.0,0.544
0.0,0.0,0.0,1.0
"Euler_ZYX (deg): Yaw=0.00, Pitch=0.00, Roll=-90.00",,,
,,,
T_ob_in_world_node,,,
-0.9998633710323764,0.012089555085456538,0.011273061944660497,0.26029730379226873
0.015170537604008506,0.9419700461131136,0.3353539727131083,1.2121991826052652
-0.006564606353606021,0.33547917205617184,-0.9420247507682203,0.5286913810968398
0.0,0.0,0.0,1.0
"Euler_ZYX (deg): Yaw=179.13, Pitch=0.38, Roll=160.40",,,
,,,
T_arm_in_world,,,
0.9998476952562737,0.017452400715020123,0.0,-0.021
-0.017452400715020123,0.9998476952562737,-0.0,0.5
-0.0,0.0,1.0,0.059
0.0,0.0,0.0,1.0
"Euler_ZYX (deg): Yaw=-1.00, Pitch=0.00, Roll=0.00",,,
,,,
T_ob_in_world,,,
-0.9998633710323768,0.01208955508545654,0.011273061944660503,0.2602973037922688
0.015170537604008511,0.9419700461131137,0.3353539727131086,1.2121991826052652
-0.006564606353606024,0.3354791720561721,-0.9420247507682207,0.5286913810968399
0.0,0.0,0.0,1.0
"Euler_ZYX (deg): Yaw=179.13, Pitch=0.38, Roll=160.40",,,
,,,
Timestamp: 2025-08-29 11:32:58.307102,,,
T_ob_in_cf,,,
-0.9999758513589189,-0.0043178942317027465,0.005445409847672856,0.2687881290912628
0.006564250213302123,-0.3295644286206686,0.9441102679279942,0.07430267333984375
-0.0022819548949239536,0.9441232139807472,0.32958481382570026,0.46800002455711365
0.0,0.0,0.0,1.0
"Euler_ZYX (deg): Yaw=179.62, Pitch=0.13, Roll=70.76",,,
,,,
T_cf_in_arm,,,
1.0000000000000002,-0.0,0.0,0.0
0.0,0.0,1.0000000000000002,0.249
-0.0,-1.0000000000000002,0.0,0.544
0.0,0.0,0.0,1.0
"Euler_ZYX (deg): Yaw=0.00, Pitch=0.00, Roll=-90.00",,,
,,,
T_ob_in_world_node,,,
-0.9998633758843849,0.012159980058816343,0.01119662672639294,0.2602605631253949
0.015170371920890763,0.9440547771569727,0.3294395810203752,1.2121998239157805
-0.00656425021330212,0.3295644286206685,-0.9441102679279945,0.5286973266601561
0.0,0.0,0.0,1.0
"Euler_ZYX (deg): Yaw=179.13, Pitch=0.38, Roll=160.76",,,
,,,
T_arm_in_world,,,
0.9998476952562737,0.017452400715020123,0.0,-0.021
-0.017452400715020123,0.9998476952562737,-0.0,0.5
-0.0,0.0,1.0,0.059
0.0,0.0,0.0,1.0
"Euler_ZYX (deg): Yaw=-1.00, Pitch=0.00, Roll=0.00",,,
,,,
T_ob_in_world,,,
-0.9998633758843852,0.012159980058816341,0.01119662672639295,0.260260563125395
0.015170371920890767,0.9440547771569728,0.3294395810203754,1.2121998239157805
-0.006564250213302125,0.32956442862066865,-0.9441102679279945,0.5286973266601562
0.0,0.0,0.0,1.0
"Euler_ZYX (deg): Yaw=179.13, Pitch=0.38, Roll=160.76",,,
,,,
Timestamp: 2025-08-29 11:32:58.475987,,,
T_ob_in_cf,,,
-0.9999705437413933,-0.006363692331964919,0.004291278299869796,0.2688095271587372
0.0061684509653083175,-0.3335952309783986,0.9426962247092951,0.07429910451173782
-0.004567478760917165,0.9426949269452836,0.3336246586351129,0.46800002455711365
0.0,0.0,0.0,1.0
"Euler_ZYX (deg): Yaw=179.65, Pitch=0.26, Roll=70.51",,,
,,,
T_cf_in_arm,,,
1.0000000000000002,-0.0,0.0,0.0
0.0,0.0,1.0000000000000002,0.249
-0.0,-1.0000000000000002,0.0,0.544
0.0,0.0,0.0,1.0
"Euler_ZYX (deg): Yaw=0.00, Pitch=0.00, Roll=-90.00",,,
,,,
T_ob_in_world_node,,,
-0.9998979569535875,0.010089566505630563,0.010113175948739858,0.2602819579338421
0.012885103520356343,0.9426624117446274,0.33349895290850956,1.2121994504681326
-0.006168450965308313,0.33359523097839844,-0.9426962247092949,0.528700895488262
0.0,0.0,0.0,1.0
"Euler_ZYX (deg): Yaw=179.26, Pitch=0.35, Roll=160.51",,,
,,,
T_arm_in_world,,,
0.9998476952562737,0.017452400715020123,0.0,-0.021
-0.017452400715020123,0.9998476952562737,-0.0,0.5
-0.0,0.0,1.0,0.059
0.0,0.0,0.0,1.0
"Euler_ZYX (deg): Yaw=-1.00, Pitch=0.00, Roll=0.00",,,
,,,
T_ob_in_world,,,
-0.999897956953588,0.010089566505630566,0.010113175948739866,0.2602819579338422
0.012885103520356348,0.9426624117446278,0.33349895290850984,1.2121994504681326
-0.006168450965308319,0.33359523097839866,-0.9426962247092954,0.5287008954882622
0.0,0.0,0.0,1.0
"Euler_ZYX (deg): Yaw=179.26, Pitch=0.35, Roll=160.51",,,
,,,
Timestamp: 2025-08-29 11:32:58.612896,,,
T_ob_in_cf,,,
-0.9640303929123928,-0.2338624177972718,-0.1263082383821092,0.26881128549575806
-0.036169133037038795,-0.355367539552273,0.9340266086401995,0.07430444657802582
-0.2633195688826153,0.9049984979957578,0.33412650788121506,0.46800002455711365
0.0,0.0,0.0,1.0
"Euler_ZYX (deg): Yaw=-177.85, Pitch=15.27, Roll=69.74",,,
,,,
T_cf_in_arm,,,
1.0000000000000002,-0.0,0.0,0.0
0.0,0.0,1.0000000000000002,0.249
-0.0,-1.0000000000000002,0.0,0.544
0.0,0.0,0.0,1.0
"Euler_ZYX (deg): Yaw=0.00, Pitch=0.00, Roll=-90.00",,,
,,,
T_ob_in_world_node,,,
-0.968479125142702,-0.2180324030081487,-0.12045769133317859,0.26028371600305994
-0.24645481934459323,0.9089421230590297,0.33628000081891274,1.2121994197809303
0.03616913303703885,0.35536753955227296,-0.9340266086401997,0.528695553421974
0.0,0.0,0.0,1.0
"Euler_ZYX (deg): Yaw=-165.72, Pitch=-2.07, Roll=159.17",,,
,,,
T_arm_in_world,,,
0.9998476952562737,0.017452400715020123,0.0,-0.021
-0.017452400715020123,0.9998476952562737,-0.0,0.5
-0.0,0.0,1.0,0.059
0.0,0.0,0.0,1.0
"Euler_ZYX (deg): Yaw=-1.00, Pitch=0.00, Roll=0.00",,,
,,,
T_ob_in_world,,,
-0.9684791251427018,-0.21803240300814872,-0.12045769133317863,0.26028371600306
-0.24645481934459323,0.9089421230590295,0.33628000081891296,1.2121994197809303
0.0361691330370388,0.35536753955227307,-0.9340266086401997,0.5286955534219742
0.0,0.0,0.0,1.0
"Euler_ZYX (deg): Yaw=-165.72, Pitch=-2.07, Roll=159.17",,,
,,,
Timestamp: 2025-08-29 11:32:58.805389,,,
T_ob_in_cf,,,
-0.9999763194875818,-0.004305755885777005,0.005368512859460743,0.2687949538230896
0.0064925090007025114,-0.331568467843191,0.9434088183067798,0.07429943233728409
-0.0022820584887104796,0.9434213330206028,0.3315885712908139,0.46800002455711365
0.0,0.0,0.0,1.0
"Euler_ZYX (deg): Yaw=179.63, Pitch=0.13, Roll=70.63",,,
,,,
T_cf_in_arm,,,
1.0000000000000002,-0.0,0.0,0.0
0.0,0.0,1.0000000000000002,0.249
-0.0,-1.0000000000000002,0.0,0.544
0.0,0.0,0.0,1.0
"Euler_ZYX (deg): Yaw=0.00, Pitch=0.00, Roll=-90.00",,,
,,,
T_ob_in_world_node,,,
-0.99986384574971,0.012159867048243735,0.01115471182817379,0.26026738681778266
0.015170276512851076,0.943352791253351,0.3314443753407737,1.212199704807826
-0.00649250900070251,0.3315684678431909,-0.9434088183067801,0.5287005676627158
0.0,0.0,0.0,1.0
"Euler_ZYX (deg): Yaw=179.13, Pitch=0.37, Roll=160.64",,,
,,,
T_arm_in_world,,,
0.9998476952562737,0.017452400715020123,0.0,-0.021
-0.017452400715020123,0.9998476952562737,-0.0,0.5
-0.0,0.0,1.0,0.059
0.0,0.0,0.0,1.0
"Euler_ZYX (deg): Yaw=-1.00, Pitch=0.00, Roll=0.00",,,
,,,
T_ob_in_world,,,
-0.9998638457497102,0.012159867048243735,0.011154711828173795,0.2602673868177828
0.01517027651285108,0.943352791253351,0.3314443753407739,1.212199704807826
-0.006492509000702513,0.33156846784319105,-0.94340881830678,0.5287005676627159
0.0,0.0,0.0,1.0
"Euler_ZYX (deg): Yaw=179.13, Pitch=0.37, Roll=160.64",,,
,,,
Timestamp: 2025-08-29 11:32:58.982909,,,
T_ob_in_cf,,,
-0.9999761794584012,-0.004287266278313839,0.005409238730012159,0.2687733769416809
0.006514123463289849,-0.32712066254411437,0.9449601252604285,0.07430803030729294
-0.002281821922159395,0.9449728522473853,0.3271407981346213,0.46800002455711365
0.0,0.0,0.0,1.0
"Euler_ZYX (deg): Yaw=179.63, Pitch=0.13, Roll=70.90",,,
,,,
T_cf_in_arm,,,
1.0000000000000002,-0.0,0.0,0.0
0.0,0.0,1.0000000000000002,0.249
-0.0,-1.0000000000000002,0.0,0.544
0.0,0.0,0.0,1.0
"Euler_ZYX (deg): Yaw=0.00, Pitch=0.00, Roll=-90.00",,,
,,,
T_ob_in_world_node,,,
-0.9998637016132025,0.012205431574914839,0.011117807176570547,0.2602458132226354
0.015170510599526581,0.9449037514883568,0.32699656883731953,1.2122000813762064
-0.006514123463289851,0.3271206625441142,-0.9449601252604288,0.5286919696927069
0.0,0.0,0.0,1.0
"Euler_ZYX (deg): Yaw=179.13, Pitch=0.37, Roll=160.91",,,
,,,
T_arm_in_world,,,
0.9998476952562737,0.017452400715020123,0.0,-0.021
-0.017452400715020123,0.9998476952562737,-0.0,0.5
-0.0,0.0,1.0,0.059
0.0,0.0,0.0,1.0
"Euler_ZYX (deg): Yaw=-1.00, Pitch=0.00, Roll=0.00",,,
,,,
T_ob_in_world,,,
-0.9998637016132025,0.01220543157491484,0.01111780717657055,0.26024581322263546
0.015170510599526583,0.9449037514883568,0.3269965688373197,1.2122000813762064
-0.006514123463289851,0.3271206625441144,-0.9449601252604287,0.528691969692707
0.0,0.0,0.0,1.0
"Euler_ZYX (deg): Yaw=179.13, Pitch=0.37, Roll=160.91",,,
,,,
Timestamp: 2025-08-29 11:32:59.168616,,,
T_ob_in_cf,,,
-0.9999763459788518,-0.004320027289804292,0.005352088097093289,0.26877203583717346
0.006488380861851143,-0.33429872391567333,0.9424448334529422,0.07431932538747787
-0.0022821911785092207,0.9424572672289008,0.33431884638897785,0.46800002455711365
0.0,0.0,0.0,1.0
"Euler_ZYX (deg): Yaw=179.63, Pitch=0.13, Roll=70.47",,,
,,,
T_cf_in_arm,,,
1.0000000000000002,-0.0,0.0,0.0
0.0,0.0,1.0000000000000002,0.249
-0.0,-1.0000000000000002,0.0,0.544
0.0,0.0,0.0,1.0
"Euler_ZYX (deg): Yaw=0.00, Pitch=0.00, Roll=-90.00",,,
,,,
T_ob_in_world_node,,,
-0.9998638745527008,0.012128772555306555,0.011185939422450959,0.2602444723223845
0.015170144305597882,0.9423891213637042,0.33417452125662306,1.2122001047816997
-0.006488380861851141,0.3342987239156733,-0.9424448334529424,0.528680674612522
0.0,0.0,0.0,1.0
"Euler_ZYX (deg): Yaw=179.13, Pitch=0.37, Roll=160.47",,,
,,,
T_arm_in_world,,,
0.9998476952562737,0.017452400715020123,0.0,-0.021
-0.017452400715020123,0.9998476952562737,-0.0,0.5
-0.0,0.0,1.0,0.059
0.0,0.0,0.0,1.0
"Euler_ZYX (deg): Yaw=-1.00, Pitch=0.00, Roll=0.00",,,
,,,
T_ob_in_world,,,
-0.999863874552701,0.012128772555306554,0.011185939422450962,0.26024447232238457
0.015170144305597884,0.9423891213637042,0.3341745212566232,1.2122001047816997
-0.0064883808618511445,0.3342987239156734,-0.9424448334529424,0.5286806746125221
0.0,0.0,0.0,1.0
"Euler_ZYX (deg): Yaw=179.13, Pitch=0.37, Roll=160.47",,,
,,,
Timestamp: 2025-08-29 11:32:59.382296,,,
T_ob_in_cf,,,
-0.9999764909947821,-0.004278768825943365,0.005358133546063692,0.2688406705856323
0.006466146498033668,-0.3284002745706908,0.9445165157959714,0.07430005818605423
-0.0022817552956627004,0.9445289576287377,0.32842022135298204,0.46800002455711365
0.0,0.0,0.0,1.0
"Euler_ZYX (deg): Yaw=179.63, Pitch=0.13, Roll=70.83",,,
,,,
T_cf_in_arm,,,
1.0000000000000002,-0.0,0.0,0.0
0.0,0.0,1.0000000000000002,0.249
-0.0,-1.0000000000000002,0.0,0.544
0.0,0.0,0.0,1.0
"Euler_ZYX (deg): Yaw=0.00, Pitch=0.00, Roll=-90.00",,,
,,,
T_ob_in_world_node,,,
-0.9998640119393419,0.012206180706323124,0.011089038782874957,0.2603130966174456
0.015170582652933496,0.9444597761760211,0.32827668910160357,1.2121989069405665
-0.006466146498033671,0.32840027457069054,-0.9445165157959713,0.5286999418139456
0.0,0.0,0.0,1.0
"Euler_ZYX (deg): Yaw=179.13, Pitch=0.37, Roll=160.83",,,
,,,
T_arm_in_world,,,
0.9998476952562737,0.017452400715020123,0.0,-0.021
-0.017452400715020123,0.9998476952562737,-0.0,0.5
-0.0,0.0,1.0,0.059
0.0,0.0,0.0,1.0
"Euler_ZYX (deg): Yaw=-1.00, Pitch=0.00, Roll=0.00",,,
,,,
T_ob_in_world,,,
-0.9998640119393426,0.012206180706323129,0.011089038782874962,0.26031309661744567
0.015170582652933504,0.9444597761760215,0.3282766891016039,1.2121989069405665
-0.00646614649803367,0.3284002745706909,-0.9445165157959716,0.5286999418139458
0.0,0.0,0.0,1.0
"Euler_ZYX (deg): Yaw=179.13, Pitch=0.37, Roll=160.83",,,
,,,
Timestamp: 2025-08-29 11:32:59.563772,,,
T_ob_in_cf,,,
-0.999976719766552,-0.004274299995345265,0.005318861201101037,0.2688214182853699
0.006430624165613906,-0.3296557930090063,0.9440792896830454,0.07431598007678986
-0.002281884696344004,0.9440915148941615,0.3296756049620288,0.46800002455711365
0.0,0.0,0.0,1.0
"Euler_ZYX (deg): Yaw=179.63, Pitch=0.13, Roll=70.75",,,
,,,
T_cf_in_arm,,,
1.0000000000000002,-0.0,0.0,0.0
0.0,0.0,1.0000000000000002,0.249
-0.0,-1.0000000000000002,0.0,0.544
0.0,0.0,0.0,1.0
"Euler_ZYX (deg): Yaw=0.00, Pitch=0.00, Roll=-90.00",,,
,,,
T_ob_in_world_node,,,
-0.999864242934622,0.01220301443040344,0.011071681877072888,0.2602938472493998
0.01517045726457714,0.9440223220742266,0.3295325669064729,1.2121992429394255
-0.006430624165613902,0.32965579300900627,-0.9440792896830458,0.52868401992321
0.0,0.0,0.0,1.0
"Euler_ZYX (deg): Yaw=179.13, Pitch=0.37, Roll=160.75",,,
,,,
T_arm_in_world,,,
0.9998476952562737,0.017452400715020123,0.0,-0.021
-0.017452400715020123,0.9998476952562737,-0.0,0.5
-0.0,0.0,1.0,0.059
0.0,0.0,0.0,1.0
"Euler_ZYX (deg): Yaw=-1.00, Pitch=0.00, Roll=0.00",,,
,,,
T_ob_in_world,,,
-0.999864242934622,0.012203014430403433,0.011071681877072893,0.26029384724939986
0.015170457264577138,0.9440223220742265,0.32953256690647315,1.2121992429394255
-0.006430624165613907,0.3296557930090064,-0.9440792896830457,0.5286840199232101
0.0,0.0,0.0,1.0
"Euler_ZYX (deg): Yaw=179.13, Pitch=0.37, Roll=160.75",,,
,,,
Timestamp: 2025-08-29 11:32:59.729574,,,
T_ob_in_cf,,,
-0.9999701839105356,-0.006367792189771197,0.00436835352936156,0.2687719762325287
0.006226443528154547,-0.3302755664115134,0.94386401649419,0.07430410385131836
-0.004567569476242152,0.9438630734667937,0.330305367584146,0.46800002455711365
0.0,0.0,0.0,1.0
"Euler_ZYX (deg): Yaw=179.64, Pitch=0.26, Roll=70.71",,,
,,,
T_cf_in_arm,,,
1.0000000000000002,-0.0,0.0,0.0
0.0,0.0,1.0000000000000002,0.249
-0.0,-1.0000000000000002,0.0,0.544
0.0,0.0,0.0,1.0
"Euler_ZYX (deg): Yaw=0.00, Pitch=0.00, Roll=-90.00",,,
,,,
T_ob_in_world_node,,,
-0.9998975987607346,0.01010585423343934,0.010132309841797298,0.2602444127268178
0.012885006538935423,0.9438304519042429,0.3301788222535253,1.2122001058219438
-0.006226443528154545,0.3302755664115133,-0.9438640164941905,0.5286958961486815
0.0,0.0,0.0,1.0
"Euler_ZYX (deg): Yaw=179.26, Pitch=0.36, Roll=160.71",,,
,,,
T_arm_in_world,,,
0.9998476952562737,0.017452400715020123,0.0,-0.021
-0.017452400715020123,0.9998476952562737,-0.0,0.5
-0.0,0.0,1.0,0.059
0.0,0.0,0.0,1.0
"Euler_ZYX (deg): Yaw=-1.00, Pitch=0.00, Roll=0.00",,,
,,,
T_ob_in_world,,,
-0.9998975987607345,0.010105854233439331,0.010132309841797301,0.26024441272681786
0.012885006538935416,0.9438304519042426,0.33017882225352546,1.2122001058219438
-0.006226443528154549,0.33027556641151345,-0.9438640164941903,0.5286958961486816
0.0,0.0,0.0,1.0
"Euler_ZYX (deg): Yaw=179.26, Pitch=0.36, Roll=160.71",,,
,,,
Timestamp: 2025-08-29 11:32:59.944081,,,
T_ob_in_cf,,,
-0.9647112769935591,-0.23210198902367818,-0.1243415406560047,0.2687973082065582
-0.03578246761651087,-0.35228307672938697,0.9352092005863448,0.07431039214134216
-0.26086733611690416,0.9066561093056889,0.33154627490885935,0.46800002455711365
0.0,0.0,0.0,1.0
"Euler_ZYX (deg): Yaw=-177.88, Pitch=15.12, Roll=69.91",,,
,,,
T_cf_in_arm,,,
1.0000000000000002,-0.0,0.0,0.0
0.0,0.0,1.0000000000000002,0.249
-0.0,-1.0000000000000002,0.0,0.544
0.0,0.0,0.0,1.0
"Euler_ZYX (deg): Yaw=0.00, Pitch=0.00, Roll=-90.00",,,
,,,
T_ob_in_world_node,,,
-0.9691171081731189,-0.21624331305939765,-0.11853632440423892,0.2602697408426676
-0.24399107700373995,0.9105687581985078,0.3336658372314773,1.2121996637181822
0.035782467616510945,0.3522830767293868,-0.935209200586345,0.5286896078586577
0.0,0.0,0.0,1.0
"Euler_ZYX (deg): Yaw=-165.87, Pitch=-2.05, Roll=159.36",,,
,,,
T_arm_in_world,,,
0.9998476952562737,0.017452400715020123,0.0,-0.021
-0.017452400715020123,0.9998476952562737,-0.0,0.5
-0.0,0.0,1.0,0.059
0.0,0.0,0.0,1.0
"Euler_ZYX (deg): Yaw=-1.00, Pitch=0.00, Roll=0.00",,,
,,,
T_ob_in_world,,,
-0.9691171081731189,-0.21624331305939765,-0.11853632440423895,0.26026974084266763
-0.24399107700373998,0.9105687581985078,0.3336658372314776,1.2121996637181822
0.035782467616510875,0.352283076729387,-0.935209200586345,0.5286896078586578
0.0,0.0,0.0,1.0
"Euler_ZYX (deg): Yaw=-165.87, Pitch=-2.05, Roll=159.36",,,
,,,
Timestamp: 2025-08-29 11:33:00.193178,,,
T_ob_in_cf,,,
-0.9999764488995084,-0.004288372456089974,0.00535831204822397,0.26878464221954346
0.006472557811946378,-0.3296759216108647,0.944071974324732,0.07430540025234222
-0.002282025788483826,0.9440844223753003,0.32969591411874644,0.46800002455711365
0.0,0.0,0.0,1.0
"Euler_ZYX (deg): Yaw=179.63, Pitch=0.13, Roll=70.75",,,
,,,
T_cf_in_arm,,,
1.0000000000000002,-0.0,0.0,0.0
0.0,0.0,1.0000000000000002,0.249
-0.0,-1.0000000000000002,0.0,0.544
0.0,0.0,0.0,1.0
"Euler_ZYX (deg): Yaw=0.00, Pitch=0.00, Roll=-90.00",,,
,,,
T_ob_in_world_node,,,
-0.9998639745712294,0.012188820331480013,0.011111481159185883,0.2602570767847427
0.015170311466646137,0.9440154762338138,0.3295521844580171,1.212199884770063
-0.0064725578119463785,0.3296759216108645,-0.9440719743247326,0.5286945997476576
0.0,0.0,0.0,1.0
"Euler_ZYX (deg): Yaw=179.13, Pitch=0.37, Roll=160.75",,,
,,,
T_arm_in_world,,,
0.9998476952562737,0.017452400715020123,0.0,-0.021
-0.017452400715020123,0.9998476952562737,-0.0,0.5
-0.0,0.0,1.0,0.059
0.0,0.0,0.0,1.0
"Euler_ZYX (deg): Yaw=-1.00, Pitch=0.00, Roll=0.00",,,
,,,
T_ob_in_world,,,
-0.9998639745712293,0.012188820331480006,0.011111481159185886,0.26025707678474275
0.015170311466646132,0.9440154762338137,0.3295521844580173,1.212199884770063
-0.006472557811946379,0.32967592161086473,-0.9440719743247322,0.5286945997476578
0.0,0.0,0.0,1.0
"Euler_ZYX (deg): Yaw=179.13, Pitch=0.37, Roll=160.75",,,
,,,
Timestamp: 2025-08-29 11:33:00.352835,,,
T_ob_in_cf,,,
-0.9647060367392996,-0.23159858349775853,-0.1253170331622369,0.2687751352787018
-0.03580604505820249,-0.35610597522976806,0.9337593167101176,0.07430442422628403
-0.2608834793850377,0.9052903570277812,0.33524495470695614,0.46800002455711365
0.0,0.0,0.0,1.0
"Euler_ZYX (deg): Yaw=-177.87, Pitch=15.12, Roll=69.68",,,
,,,
T_cf_in_arm,,,
1.0000000000000002,-0.0,0.0,0.0
0.0,0.0,1.0000000000000002,0.249
-0.0,-1.0000000000000002,0.0,0.544
0.0,0.0,0.0,1.0
"Euler_ZYX (deg): Yaw=0.00, Pitch=0.00, Roll=-90.00",,,
,,,
T_ob_in_world_node,,,
-0.969112150455759,-0.21576381986055904,-0.11944711749638202,0.2602475712918532
-0.2440073092681943,0.9091944282961902,0.3373809783892086,1.2122000506890043
0.03580604505820255,0.356105975229768,-0.9337593167101178,0.5286955757737158
0.0,0.0,0.0,1.0
"Euler_ZYX (deg): Yaw=-165.87, Pitch=-2.05, Roll=159.12",,,
,,,
T_arm_in_world,,,
0.9998476952562737,0.017452400715020123,0.0,-0.021
-0.017452400715020123,0.9998476952562737,-0.0,0.5
-0.0,0.0,1.0,0.059
0.0,0.0,0.0,1.0
"Euler_ZYX (deg): Yaw=-1.00, Pitch=0.00, Roll=0.00",,,
,,,
T_ob_in_world,,,
-0.9691121504557594,-0.2157638198605591,-0.11944711749638207,0.2602475712918533
-0.24400730926819442,0.9091944282961902,0.3373809783892089,1.2122000506890043
0.0358060450582025,0.3561059752297681,-0.9337593167101178,0.528695575773716
0.0,0.0,0.0,1.0
"Euler_ZYX (deg): Yaw=-165.87, Pitch=-2.05, Roll=159.12",,,
,,,
Timestamp: 2025-08-29 11:33:00.572660,,,
T_ob_in_cf,,,
-0.9999758421298124,-0.0043222306577368405,0.0054436641073861555,0.2687666416168213
0.006565630882641256,-0.33022548910942373,0.9438792395394419,0.07430938631296158
-0.002282027143929703,0.9438921785164783,0.33024588973601343,0.46800002455711365
0.0,0.0,0.0,1.0
"Euler_ZYX (deg): Yaw=179.62, Pitch=0.13, Roll=70.72",,,
,,,
T_cf_in_arm,,,
1.0000000000000002,-0.0,0.0,0.0
0.0,0.0,1.0000000000000002,0.249
-0.0,-1.0000000000000002,0.0,0.544
0.0,0.0,0.0,1.0
"Euler_ZYX (deg): Yaw=0.00, Pitch=0.00, Roll=-90.00",,,
,,,
T_ob_in_world_node,,,
-0.9998633679176028,0.012151612169738705,0.011206418613680604,0.2602390789235977
0.015170299521818819,0.9438238525615459,0.3301005867130503,1.212200198923795
