Timestamp: 2025-08-29 11:44:02.255097,,,
T_ob_in_cf,,,
-0.9997655745029984,0.017216176679309154,0.013130091364368709,0.2844170928001404
0.006636536053194929,-0.3335692091865388,0.942702253668613,0.07434052228927612
0.02060952274810123,0.9425683985489935,0.33337675628166036,0.4620000123977661
0.0,0.0,0.0,1.0
"Euler_ZYX (deg): Yaw=179.62, Pitch=-1.18, Roll=70.52",,,
,,,
T_cf_in_arm,,,
1.0000000000000002,-0.0,0.0,0.0
0.0,0.0,1.0000000000000002,0.249
-0.0,-1.0000000000000002,0.0,0.544
0.0,0.0,0.0,1.0
"Euler_ZYX (deg): Yaw=0.00, Pitch=0.00, Roll=-90.00",,,
,,,
T_ob_in_world_node,,,
-0.9998314242283439,0.013925895200974819,0.011966309722409876,0.27093350768249624
0.017119565261297334,0.9426227517546555,0.33342055779412494,1.211988481334039
-0.006636536053194933,0.33356920918653854,-0.9427022536686129,0.5286594777107237
0.0,0.0,0.0,1.0
"Euler_ZYX (deg): Yaw=179.02, Pitch=0.38, Roll=160.51",,,
,,,
T_arm_in_world,,,
0.9999939076619484,-0.00349065022403785,0.0,-0.011
0.00349065022403785,0.9999939076619484,0.0,0.5
0.0,0.0,1.0,0.059
0.0,0.0,0.0,1.0
"Euler_ZYX (deg): Yaw=0.20, Pitch=-0.00, Roll=0.00",,,
,,,
T_ob_in_world,,,
-0.9998314242283444,0.01392589520097483,0.011966309722409882,0.2709335076824963
0.017119565261297348,0.9426227517546558,0.33342055779412527,1.211988481334039
-0.00663653605319493,0.3335692091865389,-0.9427022536686133,0.5286594777107239
0.0,0.0,0.0,1.0
"Euler_ZYX (deg): Yaw=179.02, Pitch=0.38, Roll=160.51",,,
,,,
Timestamp: 2025-08-29 11:44:02.444563,,,
T_ob_in_cf,,,
-0.9997663545337766,0.01726814698113393,0.013001824567383288,0.28448304533958435
0.006525853946115384,-0.33230693657353255,0.9431487227025165,0.07434608787298203
0.020607027260549415,0.9430132082876422,0.3321166051592886,0.4620000123977661
0.0,0.0,0.0,1.0
"Euler_ZYX (deg): Yaw=179.63, Pitch=-1.18, Roll=70.60",,,
,,,
T_cf_in_arm,,,
1.0000000000000002,-0.0,0.0,0.0
0.0,0.0,1.0000000000000002,0.249
-0.0,-1.0000000000000002,0.0,0.544
0.0,0.0,0.0,1.0
"Euler_ZYX (deg): Yaw=0.00, Pitch=0.00, Roll=-90.00",,,
,,,
T_ob_in_world_node,,,
-0.9998321955434961,0.013976312510965084,0.011842442453666774,0.270999459820135
0.01711706706613427,0.943067740193519,0.33215996661449626,1.2119887115512855
-0.006525853946115387,0.33230693657353233,-0.9431487227025166,0.5286539121270178
0.0,0.0,0.0,1.0
"Euler_ZYX (deg): Yaw=179.02, Pitch=0.37, Roll=160.59",,,
,,,
T_arm_in_world,,,
0.9999939076619484,-0.00349065022403785,0.0,-0.011
0.00349065022403785,0.9999939076619484,0.0,0.5
0.0,0.0,1.0,0.059
0.0,0.0,0.0,1.0
"Euler_ZYX (deg): Yaw=0.20, Pitch=-0.00, Roll=0.00",,,
,,,
T_ob_in_world,,,
-0.9998321955434961,0.013976312510965087,0.011842442453666778,0.2709994598201351
0.01711706706613428,0.9430677401935189,0.3321599666144965,1.2119887115512855
-0.0065258539461153856,0.3323069365735326,-0.9431487227025167,0.528653912127018
0.0,0.0,0.0,1.0
"Euler_ZYX (deg): Yaw=179.02, Pitch=0.37, Roll=160.59",,,
,,,
Timestamp: 2025-08-29 11:44:02.635229,,,
T_ob_in_cf,,,
-0.9997659536145423,0.017247052237471052,0.013060519986710125,0.2844913601875305
0.0065881240782874675,-0.3323119640131344,0.9431465184131587,0.0743403509259224
0.020606664318477137,0.9430118227057662,0.3321205618789876,0.4620000123977661
0.0,0.0,0.0,1.0
"Euler_ZYX (deg): Yaw=179.62, Pitch=-1.18, Roll=70.60",,,
,,,
T_cf_in_arm,,,
1.0000000000000002,-0.0,0.0,0.0
0.0,0.0,1.0000000000000002,0.249
-0.0,-1.0000000000000002,0.0,0.544
0.0,0.0,0.0,1.0
"Euler_ZYX (deg): Yaw=0.00, Pitch=0.00, Roll=-90.00",,,
,,,
T_ob_in_world_node,,,
-0.9998317933598001,0.013955222732400196,0.011901123703876769,0.2710077746174243
0.017116705525741967,0.9430662809857123,0.33216412819526814,1.2119887405755114
-0.006588124078287471,0.3323119640131342,-0.9431465184131586,0.5286596490740775
0.0,0.0,0.0,1.0
"Euler_ZYX (deg): Yaw=179.02, Pitch=0.38, Roll=160.59",,,
,,,
T_arm_in_world,,,
0.9999939076619484,-0.00349065022403785,0.0,-0.011
0.00349065022403785,0.9999939076619484,0.0,0.5
0.0,0.0,1.0,0.059
0.0,0.0,0.0,1.0
"Euler_ZYX (deg): Yaw=0.20, Pitch=-0.00, Roll=0.00",,,
,,,
T_ob_in_world,,,
-0.9998317933598007,0.013955222732400208,0.011901123703876772,0.2710077746174244
0.01711670552574198,0.9430662809857125,0.33216412819526847,1.2119887405755114
-0.006588124078287469,0.33231196401313445,-0.9431465184131589,0.5286596490740776
0.0,0.0,0.0,1.0
"Euler_ZYX (deg): Yaw=179.02, Pitch=0.38, Roll=160.59",,,
,,,
Timestamp: 2025-08-29 11:44:02.883287,,,
T_ob_in_cf,,,
-0.9997662663391322,0.017269185048645642,0.013007226378709855,0.28445523977279663
0.006531039410220233,-0.3322870578610133,0.9431556905952982,0.07434739172458649
0.020609663134887036,0.9430201940710641,0.3320966054623854,0.4620000123977661
0.0,0.0,0.0,1.0
"Euler_ZYX (deg): Yaw=179.63, Pitch=-1.18, Roll=70.60",,,
,,,
T_cf_in_arm,,,
1.0000000000000002,-0.0,0.0,0.0
0.0,0.0,1.0000000000000002,0.249
-0.0,-1.0000000000000002,0.0,0.544
0.0,0.0,0.0,1.0
"Euler_ZYX (deg): Yaw=0.00, Pitch=0.00, Roll=-90.00",,,
,,,
T_ob_in_world_node,,,
-0.9998321165503045,0.013977326187226075,0.011847914044030159,0.27097165442274823
0.017119703232269915,0.9430747295579115,0.3321399858952718,1.2119886144917777
-0.0065310394102202395,0.3322870578610131,-0.9431556905952984,0.5276526082754135
0.0,0.0,0.0,1.0
"Euler_ZYX (deg): Yaw=179.02, Pitch=0.37, Roll=160.59",,,
,,,
T_arm_in_world,,,
0.9999939076619484,-0.00349065022403785,0.0,-0.011
0.00349065022403785,0.9999939076619484,0.0,0.5
0.0,0.0,1.0,0.058
0.0,0.0,0.0,1.0
"Euler_ZYX (deg): Yaw=0.20, Pitch=-0.00, Roll=0.00",,,
,,,
T_ob_in_world,,,
-0.9998321165503045,0.013977326187226077,0.01184791404403016,0.2709716544227483
0.017119703232269915,0.9430747295579115,0.33213998589527216,1.2119886144917777
-0.006531039410220235,0.33228705786101337,-0.9431556905952985,0.5276526082754136
0.0,0.0,0.0,1.0
"Euler_ZYX (deg): Yaw=179.02, Pitch=0.37, Roll=160.59",,,
,,,
Timestamp: 2025-08-29 11:44:03.079535,,,
T_ob_in_cf,,,
-0.9997658067570294,0.0172515918208471,0.013065765156066517,0.2844591736793518
0.006610849717989409,-0.3314293798158953,0.9434568685747418,0.07433998584747314
0.02060651123972129,0.9433222931609844,0.33123771361369675,0.4620000123977661
0.0,0.0,0.0,1.0
"Euler_ZYX (deg): Yaw=179.62, Pitch=-1.18, Roll=70.65",,,
,,,
T_cf_in_arm,,,
1.0000000000000002,-0.0,0.0,0.0
0.0,0.0,1.0000000000000002,0.249
-0.0,-1.0000000000000002,0.0,0.544
0.0,0.0,0.0,1.0
"Euler_ZYX (deg): Yaw=0.00, Pitch=0.00, Roll=-90.00",,,
,,,
T_ob_in_world_node,,,
-0.9998316459688378,0.01395867854435551,0.011909450555772852,0.2709755883053367
0.017116552960546948,0.9433767653955375,0.33128130361763913,1.2119886282236694
-0.006610849717989415,0.3314293798158952,-0.9434568685747419,0.5286600141525267
0.0,0.0,0.0,1.0
"Euler_ZYX (deg): Yaw=179.02, Pitch=0.38, Roll=160.64",,,
,,,
T_arm_in_world,,,
0.9999939076619484,-0.00349065022403785,0.0,-0.011
0.00349065022403785,0.9999939076619484,0.0,0.5
0.0,0.0,1.0,0.059
0.0,0.0,0.0,1.0
"Euler_ZYX (deg): Yaw=0.20, Pitch=-0.00, Roll=0.00",,,
,,,
T_ob_in_world,,,
-0.999831645968838,0.01395867854435551,0.01190945055577285,0.2709755883053368
0.01711655296054695,0.9433767653955375,0.3312813036176393,1.2119886282236694
-0.00661084971798941,0.3314293798158954,-0.943456868574742,0.5286600141525268
0.0,0.0,0.0,1.0
"Euler_ZYX (deg): Yaw=179.02, Pitch=0.38, Roll=160.64",,,
,,,
Timestamp: 2025-08-29 11:44:03.311986,,,
T_ob_in_cf,,,
-0.9997655798045286,0.01722234993914514,0.01312158910685073,0.2844744622707367
0.006647558740732816,-0.33260408562275545,0.9430431231867608,0.07433731853961945
0.02060571282202834,0.9429092813678447,0.3324116299251151,0.4620000123977661
0.0,0.0,0.0,1.0
"Euler_ZYX (deg): Yaw=179.62, Pitch=-1.18, Roll=70.58",,,
,,,
T_cf_in_arm,,,
1.0000000000000002,-0.0,0.0,0.0
0.0,0.0,1.0000000000000002,0.249
-0.0,-1.0000000000000002,0.0,0.544
0.0,0.0,0.0,1.0
"Euler_ZYX (deg): Yaw=0.00, Pitch=0.00, Roll=-90.00",,,
,,,
T_ob_in_world_node,,,
-0.9998314162307225,0.013930878520513232,0.011961176435223226,0.27099087680357836
0.01711575533993002,0.9429636540454238,0.33245540763904846,1.2119886815907943
-0.0066475587407328176,0.332604085622755,-0.9430431231867604,0.5286626814603804
0.0,0.0,0.0,1.0
"Euler_ZYX (deg): Yaw=179.02, Pitch=0.38, Roll=160.57",,,
,,,
T_arm_in_world,,,
0.9999939076619484,-0.00349065022403785,0.0,-0.011
0.00349065022403785,0.9999939076619484,0.0,0.5
0.0,0.0,1.0,0.059
0.0,0.0,0.0,1.0
"Euler_ZYX (deg): Yaw=0.20, Pitch=-0.00, Roll=0.00",,,
,,,
T_ob_in_world,,,
-0.9998314162307229,0.013930878520513239,0.01196117643522323,0.2709908768035784
0.017115755339930032,0.9429636540454244,0.33245540763904896,1.2119886815907943
-0.0066475587407328176,0.3326040856227555,-0.943043123186761,0.5286626814603805
0.0,0.0,0.0,1.0
"Euler_ZYX (deg): Yaw=179.02, Pitch=0.38, Roll=160.57",,,
,,,
Timestamp: 2025-08-29 11:44:03.506642,,,
T_ob_in_cf,,,
-0.9997652359243737,0.017240053836367047,0.013124541165336632,0.284477561712265
0.006693287441224526,-0.33036971427846723,0.9438278719082167,0.07434339821338654
0.02060759423878964,0.9436941413568716,0.3301767627020507,0.4620000123977661
0.0,0.0,0.0,1.0
"Euler_ZYX (deg): Yaw=179.62, Pitch=-1.18, Roll=70.72",,,
,,,
T_cf_in_arm,,,
1.0000000000000002,-0.0,0.0,0.0
0.0,0.0,1.0000000000000002,0.249
-0.0,-1.0000000000000002,0.0,0.544
0.0,0.0,0.0,1.0
"Euler_ZYX (deg): Yaw=0.00, Pitch=0.00, Roll=-90.00",,,
,,,
T_ob_in_world_node,,,
-0.9998310789200309,0.01394584263818048,0.011971929615497076,0.2709939762262238
0.01711763794559444,0.9437485710509317,0.33022056433615454,1.2119886924098606
-0.006693287441224529,0.33036971427846706,-0.9438278719082169,0.5276566017866134
0.0,0.0,0.0,1.0
"Euler_ZYX (deg): Yaw=179.02, Pitch=0.38, Roll=160.71",,,
,,,
T_arm_in_world,,,
0.9999939076619484,-0.00349065022403785,0.0,-0.011
0.00349065022403785,0.9999939076619484,0.0,0.5
0.0,0.0,1.0,0.058
0.0,0.0,0.0,1.0
"Euler_ZYX (deg): Yaw=0.20, Pitch=-0.00, Roll=0.00",,,
,,,
T_ob_in_world,,,
-0.999831078920031,0.01394584263818048,0.011971929615497076,0.2709939762262239
0.017117637945594445,0.9437485710509317,0.3302205643361548,1.2119886924098606
-0.006693287441224527,0.3303697142784673,-0.9438278719082169,0.5276566017866136
0.0,0.0,0.0,1.0
"Euler_ZYX (deg): Yaw=179.02, Pitch=0.38, Roll=160.71",,,
,,,
Timestamp: 2025-08-29 11:44:03.734759,,,
T_ob_in_cf,,,
-0.9997655331703937,0.01722740199306138,0.013118510017825826,0.2844575345516205
0.006651386770928522,-0.3322191535350611,0.943178770476982,0.07434608787298203
0.02060674012409165,0.943044882624903,0.3320266730496831,0.4620000123977661
0.0,0.0,0.0,1.0
"Euler_ZYX (deg): Yaw=179.62, Pitch=-1.18, Roll=70.60",,,
,,,
T_cf_in_arm,,,
1.0000000000000002,-0.0,0.0,0.0
0.0,0.0,1.0000000000000002,0.249
-0.0,-1.0000000000000002,0.0,0.544
0.0,0.0,0.0,1.0
"Euler_ZYX (deg): Yaw=0.00, Pitch=0.00, Roll=-90.00",,,
,,,
T_ob_in_world_node,,,
-0.9998313731828242,0.013935457207092319,0.011959441114760647,0.2709739491875915
0.017116782798518117,0.9430992721113071,0.33207044236088135,1.2119886225020478
-0.006651386770928525,0.33221915353506093,-0.943178770476982,0.5286539121270178
0.0,0.0,0.0,1.0
"Euler_ZYX (deg): Yaw=179.02, Pitch=0.38, Roll=160.60",,,
,,,
T_arm_in_world,,,
0.9999939076619484,-0.00349065022403785,0.0,-0.011
0.00349065022403785,0.9999939076619484,0.0,0.5
0.0,0.0,1.0,0.059
0.0,0.0,0.0,1.0
"Euler_ZYX (deg): Yaw=0.20, Pitch=-0.00, Roll=0.00",,,
,,,
T_ob_in_world,,,
-0.9998313731828243,0.013935457207092326,0.011959441114760648,0.2709739491875916
0.017116782798518117,0.9430992721113071,0.33207044236088157,1.211988622502048
-0.006651386770928524,0.33221915353506115,-0.9431787704769822,0.528653912127018
0.0,0.0,0.0,1.0
"Euler_ZYX (deg): Yaw=179.02, Pitch=0.38, Roll=160.60",,,
,,,
Timestamp: 2025-08-29 11:44:03.877368,,,
T_ob_in_cf,,,
-0.9997657960185211,0.01719531308094295,0.013140560090845802,0.2844543755054474
0.006606745817396427,-0.335701375362665,0.941945294318794,0.07434765249490738
0.020608348336465295,0.9418115033209478,0.3355091477011908,0.4620000123977661
0.0,0.0,0.0,1.0
"Euler_ZYX (deg): Yaw=179.62, Pitch=-1.18, Roll=70.39",,,
,,,
T_cf_in_arm,,,
1.0000000000000002,-0.0,0.0,0.0
0.0,0.0,1.0000000000000002,0.249
-0.0,-1.0000000000000002,0.0,0.544
0.0,0.0,0.0,1.0
"Euler_ZYX (deg): Yaw=0.00, Pitch=0.00, Roll=-90.00",,,
,,,
T_ob_in_world_node,,,
-0.9998316416430573,0.013907673786214065,0.011969334952521633,0.2709707901606644
0.017118390083583113,0.9418657883103474,0.3355529727650685,1.2119886114749225
-0.0066067458173964325,0.3357013753626648,-0.9419452943187943,0.5286523475050925
0.0,0.0,0.0,1.0
"Euler_ZYX (deg): Yaw=179.02, Pitch=0.38, Roll=160.38",,,
,,,
T_arm_in_world,,,
0.9999939076619484,-0.00349065022403785,0.0,-0.011
0.00349065022403785,0.9999939076619484,0.0,0.5
0.0,0.0,1.0,0.059
0.0,0.0,0.0,1.0
"Euler_ZYX (deg): Yaw=0.20, Pitch=-0.00, Roll=0.00",,,
,,,
T_ob_in_world,,,
-0.9998316416430574,0.013907673786214068,0.011969334952521634,0.27097079016066444
0.017118390083583117,0.9418657883103473,0.33555297276506874,1.2119886114749225
-0.006606745817396429,0.33570137536266503,-0.9419452943187943,0.5286523475050926
0.0,0.0,0.0,1.0
"Euler_ZYX (deg): Yaw=179.02, Pitch=0.38, Roll=160.38",,,
,,,
Timestamp: 2025-08-29 11:44:03.989088,,,
T_ob_in_cf,,,
-0.9997652700932823,0.01721943185937721,0.013148987860172143,0.28444457054138184
0.006679527724493201,-0.3323682773937552,0.9431260319234572,0.07434127479791641
0.020610400886067595,0.9429924810669216,0.3321752429465019,0.4620000123977661
0.0,0.0,0.0,1.0
"Euler_ZYX (deg): Yaw=179.62, Pitch=-1.18, Roll=70.59",,,
,,,
T_cf_in_arm,,,
1.0000000000000002,-0.0,0.0,0.0
0.0,0.0,1.0000000000000002,0.249
-0.0,-1.0000000000000002,0.0,0.544
0.0,0.0,0.0,1.0
"Euler_ZYX (deg): Yaw=0.00, Pitch=0.00, Roll=-90.00",,,
,,,
T_ob_in_world_node,,,
-0.9998311228857552,0.013927670037475007,0.01198940016588203,0.270960985256334
0.01712044445650164,0.9430468430516247,0.33221911774004936,1.2119885772492225
-0.006679527724493204,0.33236827739375513,-0.9431260319234572,0.5286587252020835
0.0,0.0,0.0,1.0
"Euler_ZYX (deg): Yaw=179.02, Pitch=0.38, Roll=160.59",,,
,,,
T_arm_in_world,,,
0.9999939076619484,-0.00349065022403785,0.0,-0.011
0.00349065022403785,0.9999939076619484,0.0,0.5
0.0,0.0,1.0,0.059
0.0,0.0,0.0,1.0
"Euler_ZYX (deg): Yaw=0.20, Pitch=-0.00, Roll=0.00",,,
,,,
T_ob_in_world,,,
-0.9998311228857554,0.013927670037475009,0.01198940016588203,0.27096098525633405
0.017120444456501648,0.9430468430516248,0.3322191177400496,1.2119885772492225
-0.006679527724493203,0.33236827739375524,-0.9431260319234575,0.5286587252020836
0.0,0.0,0.0,1.0
"Euler_ZYX (deg): Yaw=179.02, Pitch=0.38, Roll=160.59",,,
,,,
Timestamp: 2025-08-29 11:44:04.100574,,,
T_ob_in_cf,,,
-0.9997663953656041,0.017222048667620157,0.01305969897651882,0.28448164463043213
0.006517840460434826,-0.33587263602745954,0.9418848603325667,0.07434805482625961
0.02060758242491056,0.9417499526985156,0.3356819240574993,0.4620000123977661
0.0,0.0,0.0,1.0
"Euler_ZYX (deg): Yaw=179.63, Pitch=-1.18, Roll=70.38",,,
,,,
T_cf_in_arm,,,
1.0000000000000002,-0.0,0.0,0.0
0.0,0.0,1.0000000000000002,0.249
-0.0,-1.0000000000000002,0.0,0.544
0.0,0.0,0.0,1.0
"Euler_ZYX (deg): Yaw=0.00, Pitch=0.00, Roll=-90.00",,,
,,,
T_ob_in_world_node,,,
-0.9998322383129593,0.013934624061703024,0.01188787122900104,0.2709980591195164
0.017117622084583544,0.9418043313874837,0.33572546581089807,1.2119887066619
-0.006517840460434831,0.33587263602745926,-0.9418848603325666,0.5286519451737403
0.0,0.0,0.0,1.0
"Euler_ZYX (deg): Yaw=179.02, Pitch=0.37, Roll=160.37",,,
,,,
T_arm_in_world,,,
0.9999939076619484,-0.00349065022403785,0.0,-0.011
0.00349065022403785,0.9999939076619484,0.0,0.5
0.0,0.0,1.0,0.059
0.0,0.0,0.0,1.0
"Euler_ZYX (deg): Yaw=0.20, Pitch=-0.00, Roll=0.00",,,
,,,
T_ob_in_world,,,
-0.9998322383129595,0.013934624061703028,0.01188787122900104,0.27099805911951647
0.017117622084583548,0.9418043313874839,0.33572546581089846,1.2119887066619
-0.006517840460434828,0.3358726360274596,-0.9418848603325669,0.5286519451737404
0.0,0.0,0.0,1.0
"Euler_ZYX (deg): Yaw=179.02, Pitch=0.37, Roll=160.37",,,
,,,
Timestamp: 2025-08-29 11:44:04.255570,,,
T_ob_in_cf,,,
-0.9996553911009927,0.021327784899288993,0.015304399171852077,0.2838383615016937
0.007354636855488757,-0.33211073986165784,0.9432117290329178,0.07418064773082733
0.02519937220340246,0.9429992481756453,0.3318394334323793,0.4610000252723694
0.0,0.0,0.0,1.0
"Euler_ZYX (deg): Yaw=179.58, Pitch=-1.44, Roll=70.61",,,
,,,
T_cf_in_arm,,,
1.0000000000000002,-0.0,0.0,0.0
0.0,0.0,1.0000000000000002,0.249
-0.0,-1.0000000000000002,0.0,0.544
0.0,0.0,0.0,1.0
"Euler_ZYX (deg): Yaw=0.00, Pitch=0.00, Roll=-90.00",,,
,,,
T_ob_in_world_node,,,
-0.9997372630566426,0.018035974426301653,0.014145970539623316,0.2703582705151596
0.02170977136540098,0.9430679509425801,0.3318908340587698,1.2109864801523653
-0.007354636855488764,0.3321107398616577,-0.9432117290329181,0.5288193522691725
0.0,0.0,0.0,1.0
"Euler_ZYX (deg): Yaw=178.76, Pitch=0.42, Roll=160.60",,,
,,,
T_arm_in_world,,,
0.9999939076619484,-0.00349065022403785,0.0,-0.011
0.00349065022403785,0.9999939076619484,0.0,0.5
0.0,0.0,1.0,0.059
0.0,0.0,0.0,1.0
"Euler_ZYX (deg): Yaw=0.20, Pitch=-0.00, Roll=0.00",,,
,,,
T_ob_in_world,,,
-0.9997372630566427,0.018035974426301657,0.01414597053962332,0.27035827051515965
0.021709771365400986,0.9430679509425801,0.33189083405877007,1.2109864801523653
-0.007354636855488759,0.3321107398616579,-0.9432117290329181,0.5288193522691726
0.0,0.0,0.0,1.0
"Euler_ZYX (deg): Yaw=178.76, Pitch=0.42, Roll=160.60",,,
,,,
Timestamp: 2025-08-29 11:44:04.512762,,,
T_ob_in_cf,,,
-0.9997125932232449,0.019301060549331957,0.014219705078716699,0.2838554084300995
0.007009212217869402,-0.3319026767999336,0.9432875935138358,0.07418405264616013
0.02292600913677586,0.9431161551976033,0.3316720004919779,0.4610000252723694
0.0,0.0,0.0,1.0
"Euler_ZYX (deg): Yaw=179.60, Pitch=-1.31, Roll=70.62",,,
,,,
T_cf_in_arm,,,
1.0000000000000002,-0.0,0.0,0.0
0.0,0.0,1.0000000000000002,0.249
-0.0,-1.0000000000000002,0.0,0.544
0.0,0.0,0.0,1.0
"Euler_ZYX (deg): Yaw=0.00, Pitch=0.00, Roll=-90.00",,,
,,,
T_ob_in_world_node,,,
-0.9997865293151024,0.016008854342312112,0.013061867504641967,0.2703753173397097
0.019436222476269853,0.9431777826664948,0.33171961585074744,1.2109865396572297
-0.007009212217869409,0.3319026767999335,-0.9432875935138362,0.5288159473538397
0.0,0.0,0.0,1.0
"Euler_ZYX (deg): Yaw=178.89, Pitch=0.40, Roll=160.62",,,
,,,
T_arm_in_world,,,
0.9999939076619484,-0.00349065022403785,0.0,-0.011
0.00349065022403785,0.9999939076619484,0.0,0.5
0.0,0.0,1.0,0.059
0.0,0.0,0.0,1.0
"Euler_ZYX (deg): Yaw=0.20, Pitch=-0.00, Roll=0.00",,,
,,,
T_ob_in_world,,,
-0.9997865293151024,0.016008854342312112,0.013061867504641965,0.27037531733970976
0.019436222476269846,0.9431777826664948,0.3317196158507475,1.2109865396572297
-0.007009212217869404,0.3319026767999337,-0.9432875935138361,0.5288159473538399
0.0,0.0,0.0,1.0
"Euler_ZYX (deg): Yaw=178.89, Pitch=0.40, Roll=160.62",,,
,,,
Timestamp: 2025-08-29 11:44:04.784778,,,
T_ob_in_cf,,,
-0.999766615439639,0.017280897297569098,0.01296476922123461,0.28448113799095154
0.006485781253126573,-0.3323471898253577,0.9431348154196855,0.07435263693332672
0.020607020500440987,0.9429987889725937,0.33215754500284334,0.4620000123977661
0.0,0.0,0.0,1.0
"Euler_ZYX (deg): Yaw=179.63, Pitch=-1.18, Roll=70.60",,,
,,,
T_cf_in_arm,,,
1.0000000000000002,-0.0,0.0,0.0
0.0,0.0,1.0000000000000002,0.249
-0.0,-1.0000000000000002,0.0,0.544
0.0,0.0,0.0,1.0
"Euler_ZYX (deg): Yaw=0.00, Pitch=0.00, Roll=-90.00",,,
,,,
T_ob_in_world_node,,,
-0.9998324564241717,0.013989113082506322,0.011805244426597717,0.27099755248312246
0.017117059395335924,0.9430533654732126,0.33220077686137933,1.2119887048933986
-0.0064857812531265765,0.33234718982535755,-0.9431348154196856,0.5286473630666731
0.0,0.0,0.0,1.0
"Euler_ZYX (deg): Yaw=179.02, Pitch=0.37, Roll=160.59",,,
,,,
T_arm_in_world,,,
0.9999939076619484,-0.00349065022403785,0.0,-0.011
0.00349065022403785,0.9999939076619484,0.0,0.5
0.0,0.0,1.0,0.059
0.0,0.0,0.0,1.0
"Euler_ZYX (deg): Yaw=0.20, Pitch=-0.00, Roll=0.00",,,
,,,
T_ob_in_world,,,
-0.9998324564241718,0.013989113082506322,0.011805244426597718,0.2709975524831225
0.017117059395335928,0.9430533654732126,0.3322007768613796,1.2119887048933986
-0.006485781253126575,0.33234718982535777,-0.9431348154196857,0.5286473630666733
0.0,0.0,0.0,1.0
"Euler_ZYX (deg): Yaw=179.02, Pitch=0.37, Roll=160.59",,,
,,,
Timestamp: 2025-08-29 11:44:05.024691,,,
T_ob_in_cf,,,
-0.9997661003755125,0.017216274654754112,0.013089859699502628,0.2844732403755188
0.0065659042032185115,-0.33506324295049555,0.9421727612946,0.0743493139743805
0.020606635871358272,0.9420383342043515,0.33487183137367044,0.4620000123977661
0.0,0.0,0.0,1.0
"Euler_ZYX (deg): Yaw=179.62, Pitch=-1.18, Roll=70.43",,,
,,,
T_cf_in_arm,,,
1.0000000000000002,-0.0,0.0,0.0
0.0,0.0,1.0000000000000002,0.249
-0.0,-1.0000000000000002,0.0,0.544
0.0,0.0,0.0,1.0
"Euler_ZYX (deg): Yaw=0.00, Pitch=0.00, Roll=-90.00",,,
,,,
T_ob_in_world_node,,,
-0.9998319400205776,0.01392784344504627,0.011920859518443823,0.2709896549158046
0.017116676566505205,0.9420926909813429,0.3349154833429621,1.2119886773255855
-0.0065659042032185175,0.3350632429504952,-0.9421727612946001,0.5286506860256194
0.0,0.0,0.0,1.0
"Euler_ZYX (deg): Yaw=179.02, Pitch=0.38, Roll=160.42",,,
,,,
T_arm_in_world,,,
0.9999939076619484,-0.00349065022403785,0.0,-0.011
0.00349065022403785,0.9999939076619484,0.0,0.5
0.0,0.0,1.0,0.059
0.0,0.0,0.0,1.0
"Euler_ZYX (deg): Yaw=0.20, Pitch=-0.00, Roll=0.00",,,
,,,
T_ob_in_world,,,
-0.9998319400205777,0.013927843445046266,0.011920859518443827,0.2709896549158047
0.01711667656650521,0.9420926909813429,0.3349154833429625,1.2119886773255857
-0.006565904203218513,0.3350632429504956,-0.9421727612946003,0.5286506860256195
0.0,0.0,0.0,1.0
"Euler_ZYX (deg): Yaw=179.02, Pitch=0.38, Roll=160.42",,,
,,,
Timestamp: 2025-08-29 11:44:05.243296,,,
T_ob_in_cf,,,
-0.9997141258182826,0.01926079576376692,0.014166452835262518,0.2844587564468384
0.006937346183936838,-0.33334445890937797,0.9427795844959407,0.07434843480587006
0.022880993582261155,0.9426083457411994,0.3331155455269658,0.4620000123977661
0.0,0.0,0.0,1.0
"Euler_ZYX (deg): Yaw=179.60, Pitch=-1.31, Roll=70.54",,,
,,,
T_cf_in_arm,,,
1.0000000000000002,-0.0,0.0,0.0
0.0,0.0,1.0000000000000002,0.249
-0.0,-1.0000000000000002,0.0,0.544
0.0,0.0,0.0,1.0
"Euler_ZYX (deg): Yaw=0.00, Pitch=0.00, Roll=-90.00",,,
,,,
T_ob_in_world_node,,,
-0.9997879047672471,0.015970362387246514,0.013003576674818659,0.27097517107536523
0.0193912018462519,0.9426698357535548,0.3331629662062151,1.2119886267672566
-0.006937346183936843,0.3333444589093776,-0.9427795844959406,0.5286515651941298
0.0,0.0,0.0,1.0
"Euler_ZYX (deg): Yaw=178.89, Pitch=0.40, Roll=160.53",,,
,,,
T_arm_in_world,,,
0.9999939076619484,-0.00349065022403785,0.0,-0.011
0.00349065022403785,0.9999939076619484,0.0,0.5
0.0,0.0,1.0,0.059
0.0,0.0,0.0,1.0
"Euler_ZYX (deg): Yaw=0.20, Pitch=-0.00, Roll=0.00",,,
,,,
T_ob_in_world,,,
-0.9997879047672474,0.01597036238724652,0.013003576674818662,0.2709751710753653
0.01939120184625191,0.942669835753555,0.3331629662062155,1.2119886267672566
-0.006937346183936839,0.333344458909378,-0.9427795844959409,0.5286515651941299
0.0,0.0,0.0,1.0
"Euler_ZYX (deg): Yaw=178.89, Pitch=0.40, Roll=160.53",,,
,,,
Timestamp: 2025-08-29 11:44:05.437406,,,
T_ob_in_cf,,,
-0.9997140646864099,0.019184434379307225,0.014273974419315893,0.2844635546207428
0.006950703560469755,-0.3380195053674686,0.9411134372173988,0.07434526085853577
0.022879610752626508,0.9409435538164224,0.3377895083378558,0.4620000123977661
0.0,0.0,0.0,1.0
"Euler_ZYX (deg): Yaw=179.60, Pitch=-1.31, Roll=70.25",,,
,,,
T_cf_in_arm,,,
1.0000000000000002,-0.0,0.0,0.0
0.0,0.0,1.0000000000000002,0.249
-0.0,-1.0000000000000002,0.0,0.544
0.0,0.0,0.0,1.0
"Euler_ZYX (deg): Yaw=0.00, Pitch=0.00, Roll=-90.00",,,
,,,
T_ob_in_world_node,,,
-0.9997878388087724,0.01589981267431139,0.013094782434481223,0.27097996922003753
0.01938981923843191,0.9410047874203693,0.3378372758619853,1.2119886435160034
-0.006950703560469758,0.3380195053674685,-0.9411134372173988,0.5286547391414641
0.0,0.0,0.0,1.0
"Euler_ZYX (deg): Yaw=178.89, Pitch=0.40, Roll=160.24",,,
,,,
T_arm_in_world,,,
0.9999939076619484,-0.00349065022403785,0.0,-0.011
0.00349065022403785,0.9999939076619484,0.0,0.5
0.0,0.0,1.0,0.059
0.0,0.0,0.0,1.0
"Euler_ZYX (deg): Yaw=0.20, Pitch=-0.00, Roll=0.00",,,
,,,
T_ob_in_world,,,
-0.9997878388087728,0.015899812674311394,0.013094782434481221,0.2709799692200376
0.01938981923843191,0.9410047874203694,0.33783727586198553,1.2119886435160034
-0.0069507035604697565,0.33801950536746866,-0.941113437217399,0.5286547391414642
0.0,0.0,0.0,1.0
"Euler_ZYX (deg): Yaw=178.89, Pitch=0.40, Roll=160.24",,,
,,,
Timestamp: 2025-08-29 11:44:05.664204,,,
T_ob_in_cf,,,
-0.9997139933011949,0.019300976660778787,0.014121044498152342,0.28443729877471924
0.006952693981706109,-0.3303963306399232,0.9438166796290853,0.07434890419244766
0.022882124992567313,0.9436449210373651,0.330167641291829,0.4620000123977661
0.0,0.0,0.0,1.0
"Euler_ZYX (deg): Yaw=179.60, Pitch=-1.31, Roll=70.72",,,
,,,
T_cf_in_arm,,,
1.0000000000000002,-0.0,0.0,0.0
0.0,0.0,1.0000000000000002,0.249
-0.0,-1.0000000000000002,0.0,0.544
0.0,0.0,0.0,1.0
"Euler_ZYX (deg): Yaw=0.00, Pitch=0.00, Roll=-90.00",,,
,,,
T_ob_in_world_node,,,
-0.9997877762003246,0.016006924717672986,0.012968458716930248,0.27095371353397346
0.01939233371223593,0.9437065449920107,0.3302149214260856,1.2119885518660287
-0.006952693981706113,0.3303963306399231,-0.9438166796290853,0.5276510958075523
0.0,0.0,0.0,1.0
"Euler_ZYX (deg): Yaw=178.89, Pitch=0.40, Roll=160.71",,,
,,,
T_arm_in_world,,,
0.9999939076619484,-0.00349065022403785,0.0,-0.011
0.00349065022403785,0.9999939076619484,0.0,0.5
0.0,0.0,1.0,0.058
0.0,0.0,0.0,1.0
"Euler_ZYX (deg): Yaw=0.20, Pitch=-0.00, Roll=0.00",,,
,,,
T_ob_in_world,,,
-0.9997877762003249,0.01600692471767299,0.012968458716930248,0.2709537135339735
0.019392333712235935,0.9437065449920108,0.3302149214260858,1.2119885518660287
-0.006952693981706111,0.33039633063992324,-0.9438166796290856,0.5276510958075524
0.0,0.0,0.0,1.0
"Euler_ZYX (deg): Yaw=178.89, Pitch=0.40, Roll=160.71",,,
,,,
Timestamp: 2025-08-29 11:44:05.940846,,,
T_ob_in_cf,,,
-0.9997142216306258,0.01927161476181884,0.014144961433107166,0.2844718396663666
0.00692591107856265,-0.33283203793430816,0.9429606918001551,0.07434754818677902
0.022880271528194024,0.9427891807763639,0.3326034482470511,0.4620000123977661
0.0,0.0,0.0,1.0
"Euler_ZYX (deg): Yaw=179.60, Pitch=-1.31, Roll=70.57",,,
,,,
T_cf_in_arm,,,
1.0000000000000002,-0.0,0.0,0.0
0.0,0.0,1.0000000000000002,0.249
-0.0,-1.0000000000000002,0.0,0.544
0.0,0.0,0.0,1.0
"Euler_ZYX (deg): Yaw=0.00, Pitch=0.00, Roll=-90.00",,,
,,,
T_ob_in_world_node,,,
-0.9997879980585688,0.015980550087529438,0.012983872956081065,0.270988254215186
0.0193904794621364,0.9428507074523492,0.3326507970272027,1.2119886724362
-0.006925911078562656,0.33283203793430804,-0.9429606918001553,0.5286524518132208
0.0,0.0,0.0,1.0
"Euler_ZYX (deg): Yaw=178.89, Pitch=0.40, Roll=160.56",,,
,,,
T_arm_in_world,,,
0.9999939076619484,-0.00349065022403785,0.0,-0.011
0.00349065022403785,0.9999939076619484,0.0,0.5
0.0,0.0,1.0,0.059
0.0,0.0,0.0,1.0
"Euler_ZYX (deg): Yaw=0.20, Pitch=-0.00, Roll=0.00",,,
,,,
T_ob_in_world,,,
-0.9997879980585688,0.015980550087529438,0.012983872956081062,0.2709882542151861
0.019390479462136397,0.9428507074523492,0.3326507970272028,1.2119886724362
-0.006925911078562652,0.3328320379343082,-0.9429606918001553,0.528652451813221
0.0,0.0,0.0,1.0
"Euler_ZYX (deg): Yaw=178.89, Pitch=0.40, Roll=160.56",,,
,,,
Timestamp: 2025-08-29 11:44:06.318831,,,
T_ob_in_cf,,,
-0.9996549688893666,0.02133434781398734,0.015322818870928994,0.28382542729377747
0.007400218388497484,-0.3309739520430766,0.9436108731022494,0.07418348640203476
0.025202776485975267,0.9433986902006695,0.33070187689981284,0.4610000252723694
0.0,0.0,0.0,1.0
"Euler_ZYX (deg): Yaw=179.58, Pitch=-1.44, Roll=70.68",,,
,,,
T_cf_in_arm,,,
1.0000000000000002,-0.0,0.0,0.0
0.0,0.0,1.0000000000000002,0.249
-0.0,-1.0000000000000002,0.0,0.544
0.0,0.0,0.0,1.0
"Euler_ZYX (deg): Yaw=0.00, Pitch=0.00, Roll=-90.00",,,
,,,
T_ob_in_world_node,,,
-0.9997368527307485,0.01804114298862237,0.014168360938446459,0.2703453363860429
0.021713177101026857,0.9434674134429083,0.3307533487533089,1.2109864350035695
-0.0074002183884974895,0.3309739520430764,-0.9436108731022498,0.5288165135979651
0.0,0.0,0.0,1.0
"Euler_ZYX (deg): Yaw=178.76, Pitch=0.42, Roll=160.67",,,
,,,
T_arm_in_world,,,
0.9999939076619484,-0.00349065022403785,0.0,-0.011
0.00349065022403785,0.9999939076619484,0.0,0.5
0.0,0.0,1.0,0.059
0.0,0.0,0.0,1.0
"Euler_ZYX (deg): Yaw=0.20, Pitch=-0.00, Roll=0.00",,,
,,,
T_ob_in_world,,,
-0.9997368527307485,0.018041142988622368,0.014168360938446464,0.27034533638604297
0.021713177101026864,0.9434674134429081,0.33075334875330925,1.2109864350035695
-0.007400218388497486,0.33097395204307667,-0.9436108731022497,0.5288165135979652
0.0,0.0,0.0,1.0
"Euler_ZYX (deg): Yaw=178.76, Pitch=0.42, Roll=160.67",,,
,,,
Timestamp: 2025-08-29 11:44:06.498546,,,
T_ob_in_cf,,,
-0.9997125667009531,0.019341973743453318,0.014165875613615668,0.28387078642845154
0.007005317314539442,-0.32941509947692943,0.9441592120855083,0.07418005168437958
0.022928356014234486,0.9439870657420645,0.32918491794456844,0.4610000252723694
0.0,0.0,0.0,1.0
"Euler_ZYX (deg): Yaw=179.60, Pitch=-1.31, Roll=70.78",,,
,,,
T_cf_in_arm,,,
1.0000000000000002,-0.0,0.0,0.0
0.0,0.0,1.0000000000000002,0.249
-0.0,-1.0000000000000002,0.0,0.544
0.0,0.0,0.0,1.0
"Euler_ZYX (deg): Yaw=0.00, Pitch=0.00, Roll=-90.00",,,
,,,
T_ob_in_world_node,,,
-0.9997865109851001,0.01604672724308932,0.013016719902739544,0.2703906952443738
0.019438569432010538,0.9440488307187245,0.32923236055565097,1.2109865933364432
-0.007005317314539445,0.32941509947692915,-0.944159212085508,0.5288199483156203
0.0,0.0,0.0,1.0
"Euler_ZYX (deg): Yaw=178.89, Pitch=0.40, Roll=160.77",,,
,,,
T_arm_in_world,,,
0.9999939076619484,-0.00349065022403785,0.0,-0.011
0.00349065022403785,0.9999939076619484,0.0,0.5
0.0,0.0,1.0,0.059
0.0,0.0,0.0,1.0
"Euler_ZYX (deg): Yaw=0.20, Pitch=-0.00, Roll=0.00",,,
,,,
T_ob_in_world,,,
-0.9997865109851004,0.016046727243089323,0.013016719902739548,0.27039069524437387
0.019438569432010548,0.9440488307187247,0.32923236055565125,1.2109865933364432
-0.007005317314539444,0.3294150994769295,-0.9441592120855086,0.5288199483156204
0.0,0.0,0.0,1.0
"Euler_ZYX (deg): Yaw=178.89, Pitch=0.40, Roll=160.77",,,
,,,
Timestamp: 2025-08-29 11:44:06.685286,,,
T_ob_in_cf,,,
-0.999765713630627,0.017213515117929155,0.013122985404545163,0.2843688130378723
0.006607660115472176,-0.3346238465131328,0.9423286158090254,0.07435525208711624
0.020612051728090514,0.9421945532861247,0.33443170764973584,0.4620000123977661
0.0,0.0,0.0,1.0
"Euler_ZYX (deg): Yaw=179.62, Pitch=-1.18, Roll=70.46",,,
,,,
T_cf_in_arm,,,
1.0000000000000002,-0.0,0.0,0.0
0.0,0.0,1.0000000000000002,0.249
-0.0,-1.0000000000000002,0.0,0.544
0.0,0.0,0.0,1.0
"Euler_ZYX (deg): Yaw=0.00, Pitch=0.00, Roll=-90.00",,,
,,,
T_ob_in_world_node,,,
-0.99983157218291,0.013924538618860546,0.011955521339648924,0.2708852282143648
0.01712209374023334,0.9422488994787989,0.3344754779306599,1.211988312806276
-0.006607660115472179,0.3346238465131327,-0.9423286158090255,0.5286447479128836
0.0,0.0,0.0,1.0
"Euler_ZYX (deg): Yaw=179.02, Pitch=0.38, Roll=160.45",,,
,,,
T_arm_in_world,,,
0.9999939076619484,-0.00349065022403785,0.0,-0.011
0.00349065022403785,0.9999939076619484,0.0,0.5
0.0,0.0,1.0,0.059
0.0,0.0,0.0,1.0
"Euler_ZYX (deg): Yaw=0.20, Pitch=-0.00, Roll=0.00",,,
,,,
T_ob_in_world,,,
-0.99983157218291,0.01392453861886055,0.011955521339648924,0.27088522821436484
0.017122093740233345,0.9422488994787988,0.3344754779306601,1.211988312806276
-0.006607660115472177,0.33462384651313287,-0.9423286158090256,0.5286447479128837
0.0,0.0,0.0,1.0
"Euler_ZYX (deg): Yaw=179.02, Pitch=0.38, Roll=160.45",,,
,,,
Timestamp: 2025-08-29 11:44:06.890850,,,
T_ob_in_cf,,,
-0.9997660583092195,0.017247206988635265,0.013052298798956079,0.28446170687675476
0.006574269665409763,-0.3325887153035839,0.9430490578072159,0.07435254752635956
0.020606009589741833,0.9429142486482016,0.3323975211474729,0.4620000123977661
0.0,0.0,0.0,1.0
"Euler_ZYX (deg): Yaw=179.62, Pitch=-1.18, Roll=70.58",,,
,,,
T_cf_in_arm,,,
1.0000000000000002,-0.0,0.0,0.0
0.0,0.0,1.0000000000000002,0.249
-0.0,-1.0000000000000002,0.0,0.544
0.0,0.0,0.0,1.0
"Euler_ZYX (deg): Yaw=0.00, Pitch=0.00, Roll=-90.00",,,
,,,
T_ob_in_world_node,,,
-0.9998318957684109,0.013955718079527524,0.0118919357982764,0.2709781214873066
0.01711605043554301,0.9429687080627844,0.3324410570791333,1.2119886370661754
-0.00657426966540977,0.3325887153035839,-0.9430490578072164,0.5286474524736403
0.0,0.0,0.0,1.0
"Euler_ZYX (deg): Yaw=179.02, Pitch=0.38, Roll=160.57",,,
,,,
T_arm_in_world,,,
0.9999939076619484,-0.00349065022403785,0.0,-0.011
0.00349065022403785,0.9999939076619484,0.0,0.5
0.0,0.0,1.0,0.059
0.0,0.0,0.0,1.0
"Euler_ZYX (deg): Yaw=0.20, Pitch=-0.00, Roll=0.00",,,
,,,
T_ob_in_world,,,
-0.999831895768411,0.013955718079527522,0.011891935798276396,0.27097812148730666
0.017116050435543005,0.9429687080627843,0.3324410570791334,1.2119886370661754
-0.006574269665409764,0.33258871530358397,-0.9430490578072162,0.5286474524736404
0.0,0.0,0.0,1.0
"Euler_ZYX (deg): Yaw=179.02, Pitch=0.38, Roll=160.57",,,
,,,
Timestamp: 2025-08-29 11:44:07.053753,,,
T_ob_in_cf,,,
-0.9997142631465697,0.019300643395226504,0.014102383693591186,0.2844667136669159
0.006917724697927788,-0.3311164753013129,0.943564531375061,0.07434570044279099
0.02288093412242269,0.9433924766228344,0.33088834658404037,0.4620000123977661
0.0,0.0,0.0,1.0
"Euler_ZYX (deg): Yaw=179.60, Pitch=-1.31, Roll=70.67",,,
,,,
T_cf_in_arm,,,
1.0000000000000002,-0.0,0.0,0.0
0.0,0.0,1.0000000000000002,0.249
-0.0,-1.0000000000000002,0.0,0.544
0.0,0.0,0.0,1.0
"Euler_ZYX (deg): Yaw=0.00, Pitch=0.00, Roll=-90.00",,,
,,,
T_ob_in_world_node,,,
-0.9997880418871444,0.016007472649303207,0.012947282295967298,0.27098312824696463
0.01939114190741067,0.9434541009521434,0.33093555718917506,1.2119886545431287
-0.006917724697927794,0.3311164753013128,-0.9435645313750612,0.5286542995572089
0.0,0.0,0.0,1.0
"Euler_ZYX (deg): Yaw=178.89, Pitch=0.40, Roll=160.66",,,
,,,
T_arm_in_world,,,
0.9999939076619484,-0.00349065022403785,0.0,-0.011
0.00349065022403785,0.9999939076619484,0.0,0.5
0.0,0.0,1.0,0.059
0.0,0.0,0.0,1.0
"Euler_ZYX (deg): Yaw=0.20, Pitch=-0.00, Roll=0.00",,,
,,,
T_ob_in_world,,,
-0.9997880418871445,0.01600747264930321,0.0129472822959673,0.2709831282469647
0.019391141907410675,0.9434541009521434,0.3309355571891752,1.2119886545431287
-0.0069177246979277894,0.33111647530131294,-0.9435645313750612,0.528654299557209
0.0,0.0,0.0,1.0
"Euler_ZYX (deg): Yaw=178.89, Pitch=0.40, Roll=160.66",,,
,,,
